Title,Link,Date,Source,Summary,Term,LanguageQueried
"Bengal Weather Update: ৪৮ ঘণ্টায় প্রবল বৃষ্টিপাতের পূর্বাভাস, ৩-৪ দিনে বদলাবে দুই বঙ্গের আবহাওয়া - MSN",https://news.google.com/rss/articles/CBMi8AZBVV95cUxONVhvU091cmVkeDlzWVdhVU1GYXB6Qk9GaG11VkMxaVdZb0pOTDBXbzhTbEF0NTRtd2dCYXhtdmI1TkVhMXBBTmEyZTIwZ3JMU3hhRTdSNWlNNmZkSkZtWnFqMk40NkVoQjdzQm5tR0JDaC15QnJidXlUYUNUMkdwUm5jeHBNM1JkV1JUQmtKdDdIMm1ZSV9GOWpidWNwUV9zTjNCNlR5ck4yS2lmUWR2NXJSbkhSazFGTXNGcjM1RlRuYV9aVE9LOGlPTm84d3VNV2JCUTJ6M2hUVUllOG8zdUVlT3hwa2Y0QkstRzJXSnA0dEJLSm9KMXpobFloSGJBSUNua3g3SE5CclJ3RFVsS05ESi03OGt2T29nWXNyVFpZWkxYc1pwOVZia0pKdU5STWxEckNRVG1paUJWU1FER3prSUtnZWY3Q2tUNm5SNWY2WUVDWFFHX1FQdHVnamJhcTZzTXRLVUpfUmVHUkcxMVJBX2toLUJUa3JETkFRWnpaWGN1U0tOcEQ3Q0dlUDFMOFBBYXdkUThrZl9zU3FGRUZZenVJelRvb0lJWWlTRWlyNUJIemhjWXVLSGl0d2Rta20yd0ctalJtZTFib0VHLUxqS25vMHUwWjV4WGVkMXJCcTZsWDF0S1lMR0dZM1B0OUpfSDV3bGsxbHYtQ0VqLURuaXY2MFhyNlBuR19Yb20zTzctbHBxX2JuNG8wdUVfelYxQVJSMkVEVzFBMUVnb2ZwM0ZRN25lZmZ5dGVldXllQmxGUndCbV9uZnl0ZXhKUXNFUzZ3aEVTNXNIR2NqVE5mSUl2MUdqcjZoTHZ4cmkzTlcwZVJubUpJTElHZGtocFdJUFQxaXJBTU11cnB1Rmx0U19SUG92WmNIMGp4UTRiT2N4MEJiaXQtc2tBSkRNNWlSMExkMW5fVUZCUWpmeURfN1g3NkpDYWFpNzdRQlNEYWc5SDBpcVBLZVhVQlJVQUNkcmQwZXNUYVNfQzZ2RjAzTzV3c0NzelRVdjFxWV91QUhmbmQ3dHNEaDZmVHNRUTZRb3pKaTRJSUliY1pfNTh2WW9pRkFrWDZDVFFWVU5CcWZhQTduTmszUEpLS0hQM0pWMUEzY1pyVVlZWFFKaFJTZXMwOTVXYUZ1U1M3aDdJaUpvLUJrTXdTOGJYS1Fn?oc=5,2025-11-20 07:22:27,MSN,"<a href=""https://news.google.com/rss/articles/CBMi8AZBVV95cUxONVhvU091cmVkeDlzWVdhVU1GYXB6Qk9GaG11VkMxaVdZb0pOTDBXbzhTbEF0NTRtd2dCYXhtdmI1TkVhMXBBTmEyZTIwZ3JMU3hhRTdSNWlNNmZkSkZtWnFqMk40NkVoQjdzQm5tR0JDaC15QnJidXlUYUNUMkdwUm5jeHBNM1JkV1JUQmtKdDdIMm1ZSV9GOWpidWNwUV9zTjNCNlR5ck4yS2lmUWR2NXJSbkhSazFGTXNGcjM1RlRuYV9aVE9LOGlPTm84d3VNV2JCUTJ6M2hUVUllOG8zdUVlT3hwa2Y0QkstRzJXSnA0dEJLSm9KMXpobFloSGJBSUNua3g3SE5CclJ3RFVsS05ESi03OGt2T29nWXNyVFpZWkxYc1pwOVZia0pKdU5STWxEckNRVG1paUJWU1FER3prSUtnZWY3Q2tUNm5SNWY2WUVDWFFHX1FQdHVnamJhcTZzTXRLVUpfUmVHUkcxMVJBX2toLUJUa3JETkFRWnpaWGN1U0tOcEQ3Q0dlUDFMOFBBYXdkUThrZl9zU3FGRUZZenVJelRvb0lJWWlTRWlyNUJIemhjWXVLSGl0d2Rta20yd0ctalJtZTFib0VHLUxqS25vMHUwWjV4WGVkMXJCcTZsWDF0S1lMR0dZM1B0OUpfSDV3bGsxbHYtQ0VqLURuaXY2MFhyNlBuR19Yb20zTzctbHBxX2JuNG8wdUVfelYxQVJSMkVEVzFBMUVnb2ZwM0ZRN25lZmZ5dGVldXllQmxGUndCbV9uZnl0ZXhKUXNFUzZ3aEVTNXNIR2NqVE5mSUl2MUdqcjZoTHZ4cmkzTlcwZVJubUpJTElHZGtocFdJUFQxaXJBTU11cnB1Rmx0U19SUG92WmNIMGp4UTRiT2N4MEJiaXQtc2tBSkRNNWlSMExkMW5fVUZCUWpmeURfN1g3NkpDYWFpNzdRQlNEYWc5SDBpcVBLZVhVQlJVQUNkcmQwZXNUYVNfQzZ2RjAzTzV3c0NzelRVdjFxWV91QUhmbmQ3dHNEaDZmVHNRUTZRb3pKaTRJSUliY1pfNTh2WW9pRkFrWDZDVFFWVU5CcWZhQTduTmszUEpLS0hQM0pWMUEzY1pyVVlZWFFKaFJTZXMwOTVXYUZ1U1M3aDdJaUpvLUJrTXdTOGJYS1Fn?oc=5"" target=""_blank"">Bengal Weather Update: ৪৮ ঘণ্টায় প্রবল বৃষ্টিপাতের পূর্বাভাস, ৩-৪ দিনে বদলাবে দুই বঙ্গের আবহাওয়া</a>&nbsp;&nbsp;<font color=""#6f6f6f"">MSN</font>",Monsoon,bn
Weather Report Today: IMD Warns Of Heavy Rain In The South; Cold Wave Likely In 5 States - News18,https://news.google.com/rss/articles/CBMizwFBVV95cUxQZnpSMWd6b0x5RmVQM2VjUkhwNjFlSEpZOGZuY3IxbnNaNF9aTGRKWHNVTkRIYzliQWNNdmZaSlRFSVpobDFsY1JZZ0kxYkxudTJvX005Q0FpREQtWHg3OG9SYTJ1bzZfdjRHbGdJa0U5Ul8wb0dheDB5dmpLM2g1bklfVEdTSnduaVZSZnJEeklCNWJvLXI4S0NBcTRUam1ISmkwTjVkY0VwUWR2MDQ1M0ZrOFJ3RHhfMnRIY3lVUmt6T29JRHhxcUJId1YyQWvSAdQBQVVfeXFMT2VzeUlOWmh4eFk0VGpBdzVsc3BoWU5Yb1Y4eDloNkFqZVlLLU16Mk4wY3pvY0twUHg2Y3FqRDF0WHlQLWpIUDZtTk92aXRIUVdxQXB5a2tZNXJrekJmeGhSOFFHS1RWZmdNTHlra0lmR2RIODNSSEFhWjNzWlo2dVFLWWZtc2JTbkNjeGRhNlh5MkhxZDFURnd6R2gzUkpQNlZqTkx0SDdaZmliUHp2dDFsRV80WWUtVTNLMmxkaHRWYXVaWmo4ZkZMYWxLQmxCY3dobTI?oc=5,2025-11-20 08:48:46,News18,"<a href=""https://news.google.com/rss/articles/CBMizwFBVV95cUxQZnpSMWd6b0x5RmVQM2VjUkhwNjFlSEpZOGZuY3IxbnNaNF9aTGRKWHNVTkRIYzliQWNNdmZaSlRFSVpobDFsY1JZZ0kxYkxudTJvX005Q0FpREQtWHg3OG9SYTJ1bzZfdjRHbGdJa0U5Ul8wb0dheDB5dmpLM2g1bklfVEdTSnduaVZSZnJEeklCNWJvLXI4S0NBcTRUam1ISmkwTjVkY0VwUWR2MDQ1M0ZrOFJ3RHhfMnRIY3lVUmt6T29JRHhxcUJId1YyQWvSAdQBQVVfeXFMT2VzeUlOWmh4eFk0VGpBdzVsc3BoWU5Yb1Y4eDloNkFqZVlLLU16Mk4wY3pvY0twUHg2Y3FqRDF0WHlQLWpIUDZtTk92aXRIUVdxQXB5a2tZNXJrekJmeGhSOFFHS1RWZmdNTHlra0lmR2RIODNSSEFhWjNzWlo2dVFLWWZtc2JTbkNjeGRhNlh5MkhxZDFURnd6R2gzUkpQNlZqTkx0SDdaZmliUHp2dDFsRV80WWUtVTNLMmxkaHRWYXVaWmo4ZkZMYWxLQmxCY3dobTI?oc=5"" target=""_blank"">Weather Report Today: IMD Warns Of Heavy Rain In The South; Cold Wave Likely In 5 States</a>&nbsp;&nbsp;<font color=""#6f6f6f"">News18</font>",Monsoon,en
"Fresh Low-Pressure Brews Over Bay Of Bengal, Heavy Rain Expected In Odisha Districts - Ommcom News",https://news.google.com/rss/articles/CBMiuwFBVV95cUxOOVFKaENyX1hZS1YwTGwxdExPYWU2MGs3ZEZiS2xiMWRTdmhtckJDb1hIbHRqbU1IT0NOaTdnVzR4WU82YllfNm15VkNKazhNV2RjQ2hjZ3dTOHdYVEx3R2FLWUFVZU9LQkFtR2MzcnpldEM3MDZhQWRXdU1HenB4VUdRMXFtaTczeUhyX1pWdmMwTmx5UG5JQlFWTVhRQ0xTTDVaZnYwNnk5ZWFjU1d6QXI1M0YwV3p4QUVR?oc=5,2025-11-20 09:56:48,Ommcom News,"<a href=""https://news.google.com/rss/articles/CBMiuwFBVV95cUxOOVFKaENyX1hZS1YwTGwxdExPYWU2MGs3ZEZiS2xiMWRTdmhtckJDb1hIbHRqbU1IT0NOaTdnVzR4WU82YllfNm15VkNKazhNV2RjQ2hjZ3dTOHdYVEx3R2FLWUFVZU9LQkFtR2MzcnpldEM3MDZhQWRXdU1HenB4VUdRMXFtaTczeUhyX1pWdmMwTmx5UG5JQlFWTVhRQ0xTTDVaZnYwNnk5ZWFjU1d6QXI1M0YwV3p4QUVR?oc=5"" target=""_blank"">Fresh Low-Pressure Brews Over Bay Of Bengal, Heavy Rain Expected In Odisha Districts</a>&nbsp;&nbsp;<font color=""#6f6f6f"">Ommcom News</font>",Monsoon,en
"Cold Wave Rain Alert: Bone-chilling cold for the next 48 hours, heavy rain in these states from November 1 ... - businessleague.in",https://news.google.com/rss/articles/CBMi2gFBVV95cUxNMVpiY1ZqYUJyWDJUSVNFa0EwVGtkUzNfejU4MjJVTmlpSzdoZDN1N1ZGLUF0bWcwbzdDeU02WDc0Y0pxVVRpWnpjSUNtaU9rQVplaU1rLVhJRjhNMk0wVlVnYUxBbVUyRVFVcDZjVGxxbHkydjZLNGdrd1QxLXhLdS1kSzZVU0ZiczhjbDd0Zi1IQ3NjMGpNQ1UyRElfWlhnREFtZmRjTWJ4ekhqOHE3eVRTbWgxd01HMHVlZm5wVnJMaEZ3d3ZBTE5CRk9ZUnpFak02M3p2MGpfQdIB2gFBVV95cUxNMVpiY1ZqYUJyWDJUSVNFa0EwVGtkUzNfejU4MjJVTmlpSzdoZDN1N1ZGLUF0bWcwbzdDeU02WDc0Y0pxVVRpWnpjSUNtaU9rQVplaU1rLVhJRjhNMk0wVlVnYUxBbVUyRVFVcDZjVGxxbHkydjZLNGdrd1QxLXhLdS1kSzZVU0ZiczhjbDd0Zi1IQ3NjMGpNQ1UyRElfWlhnREFtZmRjTWJ4ekhqOHE3eVRTbWgxd01HMHVlZm5wVnJMaEZ3d3ZBTE5CRk9ZUnpFak02M3p2MGpfQQ?oc=5,2025-11-20 01:35:35,businessleague.in,"<a href=""https://news.google.com/rss/articles/CBMi2gFBVV95cUxNMVpiY1ZqYUJyWDJUSVNFa0EwVGtkUzNfejU4MjJVTmlpSzdoZDN1N1ZGLUF0bWcwbzdDeU02WDc0Y0pxVVRpWnpjSUNtaU9rQVplaU1rLVhJRjhNMk0wVlVnYUxBbVUyRVFVcDZjVGxxbHkydjZLNGdrd1QxLXhLdS1kSzZVU0ZiczhjbDd0Zi1IQ3NjMGpNQ1UyRElfWlhnREFtZmRjTWJ4ekhqOHE3eVRTbWgxd01HMHVlZm5wVnJMaEZ3d3ZBTE5CRk9ZUnpFak02M3p2MGpfQdIB2gFBVV95cUxNMVpiY1ZqYUJyWDJUSVNFa0EwVGtkUzNfejU4MjJVTmlpSzdoZDN1N1ZGLUF0bWcwbzdDeU02WDc0Y0pxVVRpWnpjSUNtaU9rQVplaU1rLVhJRjhNMk0wVlVnYUxBbVUyRVFVcDZjVGxxbHkydjZLNGdrd1QxLXhLdS1kSzZVU0ZiczhjbDd0Zi1IQ3NjMGpNQ1UyRElfWlhnREFtZmRjTWJ4ekhqOHE3eVRTbWgxd01HMHVlZm5wVnJMaEZ3d3ZBTE5CRk9ZUnpFak02M3p2MGpfQQ?oc=5"" target=""_blank"">Cold Wave Rain Alert: Bone-chilling cold for the next 48 hours, heavy rain in these states from November 1 ...</a>&nbsp;&nbsp;<font color=""#6f6f6f"">businessleague.in</font>",Monsoon,en
Kolkata Weather LATEST Update: Cyclone Threat Amid Winter Chill Issued; Check Forecast - Asianet Newsable,https://news.google.com/rss/articles/CBMizgFBVV95cUxQcjdFMkYxR3ZZTXMybkNXV050S2VtQ3cyYVpGWVpzVmVBLTU0elBJTkJYV3Y4RUVTblp2elZFUWFfcjFzTEN3MnFES3BxWXZZLXBHYkhRUlk2OXlLTXFhZkI0X1FMSDYtQmpfdnpoRjZBT2ZHY0h4WGpNQ3dnTVc4aFk4VDBJSjRLV3FxaXoxQWhmRHhlaW5FN0x0ZU5udE45OElXekRBdnRPYlo3OF9Ba0wwRUJnSW13MnN1V0w1YVlMQXRYWHdELU1XX0Q0Z9IB0wFBVV95cUxNQ1dYbmpmSG1PMzRkR21IZThURkR3dm10YU5CRzdMM3dvb3lNTWdYY21jS0NCV01uZFR5WVhVOGpRSTJFV1R6aUFLQXhLTXhSUjA3Z1ZFNHdsblpyLUVFWnhSN3JXREZmanc2RFhSLW5tdDh5a0laQTZ6aVhGODBNSExydGxSUTRiYXBlRXRxRF9uak5ma3ZEMWdUUmNuSVFJSm1naXcwX0JPOGFXRjc1ajVxM1p5X0JhNUI3dTdCdHh3MGFpQXRzQWdWY2thS3pBTTdZ?oc=5,2025-11-20 07:32:38,Asianet Newsable,"<a href=""https://news.google.com/rss/articles/CBMizgFBVV95cUxQcjdFMkYxR3ZZTXMybkNXV050S2VtQ3cyYVpGWVpzVmVBLTU0elBJTkJYV3Y4RUVTblp2elZFUWFfcjFzTEN3MnFES3BxWXZZLXBHYkhRUlk2OXlLTXFhZkI0X1FMSDYtQmpfdnpoRjZBT2ZHY0h4WGpNQ3dnTVc4aFk4VDBJSjRLV3FxaXoxQWhmRHhlaW5FN0x0ZU5udE45OElXekRBdnRPYlo3OF9Ba0wwRUJnSW13MnN1V0w1YVlMQXRYWHdELU1XX0Q0Z9IB0wFBVV95cUxNQ1dYbmpmSG1PMzRkR21IZThURkR3dm10YU5CRzdMM3dvb3lNTWdYY21jS0NCV01uZFR5WVhVOGpRSTJFV1R6aUFLQXhLTXhSUjA3Z1ZFNHdsblpyLUVFWnhSN3JXREZmanc2RFhSLW5tdDh5a0laQTZ6aVhGODBNSExydGxSUTRiYXBlRXRxRF9uak5ma3ZEMWdUUmNuSVFJSm1naXcwX0JPOGFXRjc1ajVxM1p5X0JhNUI3dTdCdHh3MGFpQXRzQWdWY2thS3pBTTdZ?oc=5"" target=""_blank"">Kolkata Weather LATEST Update: Cyclone Threat Amid Winter Chill Issued; Check Forecast</a>&nbsp;&nbsp;<font color=""#6f6f6f"">Asianet Newsable</font>",Monsoon,en
