Title,Link,Date,Source,Summary,Term,LanguageQueried
"Delhi NCR Weather: दिल्ली-NCR में आएगी बड़ी ऑफत, तूफान मचाएगा तांडव, IMD ने जारी किया बारिश का अलर्ट! - Zee News",https://news.google.com/rss/articles/CBMihwJBVV95cUxNTTNJQ0tEZ25KX3ZWV20xMnFkZzJxQ1ZXWkRwbUd3cjdWcElPRk9TVThNZVo2LWtCMk55aUpfZWxaYng4VEVSR05VeE9sWWlpcDQxYXhibkxKZnlZTjlxU3lRd0R1bDNXR2VVWm8xbWFyZ2Jjb3E2YjdnM3FWTnRvemt3NHRnV1VOQmM5UUxuWUZtNHJhUWN5ZUdoRG1FbWR3SmdPT3V6WWFsVkUwR3ltdkxnNXA1SU5SX29tOGloVnNDQVQtMDhZY2Q3SEFZM09qQWJfUGxEdnRGTWdMUy1YMU1jdWF0YmZsRURWMkd2SnhwQ1dXT2dWeUlSOFhaRmJ4OFlRRUt3RQ?oc=5,2026-01-22 07:50:57,Zee News,"<a href=""https://news.google.com/rss/articles/CBMihwJBVV95cUxNTTNJQ0tEZ25KX3ZWV20xMnFkZzJxQ1ZXWkRwbUd3cjdWcElPRk9TVThNZVo2LWtCMk55aUpfZWxaYng4VEVSR05VeE9sWWlpcDQxYXhibkxKZnlZTjlxU3lRd0R1bDNXR2VVWm8xbWFyZ2Jjb3E2YjdnM3FWTnRvemt3NHRnV1VOQmM5UUxuWUZtNHJhUWN5ZUdoRG1FbWR3SmdPT3V6WWFsVkUwR3ltdkxnNXA1SU5SX29tOGloVnNDQVQtMDhZY2Q3SEFZM09qQWJfUGxEdnRGTWdMUy1YMU1jdWF0YmZsRURWMkd2SnhwQ1dXT2dWeUlSOFhaRmJ4OFlRRUt3RQ?oc=5"" target=""_blank"">Delhi NCR Weather: दिल्ली-NCR में आएगी बड़ी ऑफत, तूफान मचाएगा तांडव, IMD ने जारी किया बारिश का अलर्ट!</a>&nbsp;&nbsp;<font color=""#6f6f6f"">Zee News</font>",Monsoon,hi
"Aaj Ka Mausam: दिल्ली समेत 8 राज्यों में भारी बारिश की आशंका, गिरेगा पारा, बढ़ेगी ठंड, Weather अपडेट - Oneindia Hindi",https://news.google.com/rss/articles/CBMi4gFBVV95cUxQeDdYaVZYR0VzbGZDNk55cUtibTFjVmpNOTF4dTlFSHhlaDFZTzF1dlM4WXcwRGVJcVVZT2JRdDBiRGREa3pVTDN1ZFd0ZEt5SzFfVEhrSkZUdDVNS1VDbk1OVHluN3hRa1dhNTVZRk8wc3owa2NFQ296dUszalpmUmZaTWIzdUMzbFJ2cXh1Q1JyU0ZtUlFKcWpySEhSZUhWbEVnc0tTLUMtdnU4cExLZHg1WTBFWFYzVU5YbFBQeU1VR0JwNjJ6Tkc4NVB4VHpjTGhpOXRIWE5hLTlJRWJ0TWd3?oc=5,2026-01-22 08:22:44,Oneindia Hindi,"<a href=""https://news.google.com/rss/articles/CBMi4gFBVV95cUxQeDdYaVZYR0VzbGZDNk55cUtibTFjVmpNOTF4dTlFSHhlaDFZTzF1dlM4WXcwRGVJcVVZT2JRdDBiRGREa3pVTDN1ZFd0ZEt5SzFfVEhrSkZUdDVNS1VDbk1OVHluN3hRa1dhNTVZRk8wc3owa2NFQ296dUszalpmUmZaTWIzdUMzbFJ2cXh1Q1JyU0ZtUlFKcWpySEhSZUhWbEVnc0tTLUMtdnU4cExLZHg1WTBFWFYzVU5YbFBQeU1VR0JwNjJ6Tkc4NVB4VHpjTGhpOXRIWE5hLTlJRWJ0TWd3?oc=5"" target=""_blank"">Aaj Ka Mausam: दिल्ली समेत 8 राज्यों में भारी बारिश की आशंका, गिरेगा पारा, बढ़ेगी ठंड, Weather अपडेट</a>&nbsp;&nbsp;<font color=""#6f6f6f"">Oneindia Hindi</font>",Monsoon,hi
"Monsoon knocks on Delhi's doors, rain alert in city and adjoining areas - MSN",https://news.google.com/rss/articles/CBMihANBVV95cUxPZVVLYTNJMHpuVFQ5aGJ2UlM1d213dHlNYlE4TEo5ckpQNktzT1ZjUlBFQkIybG9jWDZCLWRnanNLVWRxRUpkRm5aNkNvTllkVnZVUzMxUm1naGZ5ZGYwWWJzZndWYlFaVF9MTEQ0NTJuSmNRbjYtanFwUjktb3lXRHhMVUlFZmdqU1RhbHgyZ3lHLTQ2N2UzR2JtNWF6MFRZbUxjcEdOMElyNmUtWmtQU2RRZlNCS1hvQ0IyYkpKbHdFeHhPTzIyYV9YZS1fT1R4eEEtNVN1bkdDbVdpLXEtUTM4M3p0NHRoTWJLbDhtNVNqbDNNUk5GYjRUMksyZUozd0g4X0hfV2x0ZkV0eDBHLXR3YWVGcldQZmpSNk44dTZBR3VCVElNYjBocVFZNVdJeEVXUlhLWmktazdTOGpPVDJ4NXl4WThGaW5Db1dVekF4RmVJSzJrTnJVM2psTVVHTVdNS0NmWnZqX0U2MmsxVXVMVm5UM010Q3RIYS1TbDlRY0Ro?oc=5,2026-01-22 01:43:26,MSN,"<a href=""https://news.google.com/rss/articles/CBMihANBVV95cUxPZVVLYTNJMHpuVFQ5aGJ2UlM1d213dHlNYlE4TEo5ckpQNktzT1ZjUlBFQkIybG9jWDZCLWRnanNLVWRxRUpkRm5aNkNvTllkVnZVUzMxUm1naGZ5ZGYwWWJzZndWYlFaVF9MTEQ0NTJuSmNRbjYtanFwUjktb3lXRHhMVUlFZmdqU1RhbHgyZ3lHLTQ2N2UzR2JtNWF6MFRZbUxjcEdOMElyNmUtWmtQU2RRZlNCS1hvQ0IyYkpKbHdFeHhPTzIyYV9YZS1fT1R4eEEtNVN1bkdDbVdpLXEtUTM4M3p0NHRoTWJLbDhtNVNqbDNNUk5GYjRUMksyZUozd0g4X0hfV2x0ZkV0eDBHLXR3YWVGcldQZmpSNk44dTZBR3VCVElNYjBocVFZNVdJeEVXUlhLWmktazdTOGpPVDJ4NXl4WThGaW5Db1dVekF4RmVJSzJrTnJVM2psTVVHTVdNS0NmWnZqX0U2MmsxVXVMVm5UM010Q3RIYS1TbDlRY0Ro?oc=5"" target=""_blank"">Monsoon knocks on Delhi's doors, rain alert in city and adjoining areas</a>&nbsp;&nbsp;<font color=""#6f6f6f"">MSN</font>",Monsoon,en
"Monsoon Update – 5 States to Witness Thunderstorms and Heavy Rainfall, Check Forecast - Timesbull",https://news.google.com/rss/articles/CBMi0AFBVV95cUxNcVFiZ21BczZ4WlRKUV9aWjRYZjhabkJjYlg4MmpxVENjYkliRnJhZFpzVkZDZVVHNTVKZlZfSWJsd1lFVEJWSDFrWnpmZEVZdWRWcnU0SmRGWjdRUW9DREZ0VFNiS2hLNU9OTzRtcWVBd0NNYl91eXZHaWk2ZmZfNFBVRVBmcUJQY0VfNjVOWFdkUWh6X0RVcUtneXhVRUdVNEc3VndtMWtRMXhybjg3cW1nV3Uwc0t6ZDhHM2FIcG0xUDAzdi1PbVRBc3UyNnJu0gHQAUFVX3lxTE1xUWJnbUFzNnhaVEpRX1paNFhmOFpuQmNiWDgyanFUQ2NiSWJGcmFkWnNWRkNlVUc1NUpmVl9JYmx3WUVUQlZIMWtaemZkRVl1ZFZydTRKZEZaN1FRb0NERnRUU2JLaEs1T05PNG1xZUF3Q01iX3V5dkdpaTZmZl80UFVFUGZxQlBjRV82NU5YV2RRaHpfRFVxS2d5eFVFR1U0RzdWd20xa1ExeHJuODdxbWdXdTBzS3pkOEczYUhwbTFQMDN2LU9tVEFzdTI2cm4?oc=5,2026-01-22 06:51:16,Timesbull,"<a href=""https://news.google.com/rss/articles/CBMi0AFBVV95cUxNcVFiZ21BczZ4WlRKUV9aWjRYZjhabkJjYlg4MmpxVENjYkliRnJhZFpzVkZDZVVHNTVKZlZfSWJsd1lFVEJWSDFrWnpmZEVZdWRWcnU0SmRGWjdRUW9DREZ0VFNiS2hLNU9OTzRtcWVBd0NNYl91eXZHaWk2ZmZfNFBVRVBmcUJQY0VfNjVOWFdkUWh6X0RVcUtneXhVRUdVNEc3VndtMWtRMXhybjg3cW1nV3Uwc0t6ZDhHM2FIcG0xUDAzdi1PbVRBc3UyNnJu0gHQAUFVX3lxTE1xUWJnbUFzNnhaVEpRX1paNFhmOFpuQmNiWDgyanFUQ2NiSWJGcmFkWnNWRkNlVUc1NUpmVl9JYmx3WUVUQlZIMWtaemZkRVl1ZFZydTRKZEZaN1FRb0NERnRUU2JLaEs1T05PNG1xZUF3Q01iX3V5dkdpaTZmZl80UFVFUGZxQlBjRV82NU5YV2RRaHpfRFVxS2d5eFVFR1U0RzdWd20xa1ExeHJuODdxbWdXdTBzS3pkOEczYUhwbTFQMDN2LU9tVEFzdTI2cm4?oc=5"" target=""_blank"">Monsoon Update – 5 States to Witness Thunderstorms and Heavy Rainfall, Check Forecast</a>&nbsp;&nbsp;<font color=""#6f6f6f"">Timesbull</font>",Monsoon,en
"What’s the weather today: IMD warns of heavy rain, snowfall and thunderstorms in these northwestern state - Times of India",https://news.google.com/rss/articles/CBMiowJBVV95cUxNMmh6Mjk5TENvXzExeDFVWWEzcWVBT0VuN1g0Z1Z3dF9FR0NpU0hnV09YVTg3aFRfZzZuWkhTZUxUVlhpTU1WYWk5bVpMZHN6LTY0blFkYUFCblI0LWhtZVFDTUg5MXAzVEVNTDdKWDlpM0tRNEFELVZLZzlTVkNvLUdITkd0NjNpRENCbVUwcTFjS0pETzJIbjVKUWxzWDBaQWZod29VVnc2R05Wb1FLWHhxYThNWU1sQWJvRl9jbE85U3FsM1Z2QUFRVG9qdzJwUmpPQTdEVkgyTmJqZEhKZTFmUVJIWWVqbmV2S3lNMmJnVTAyc1Q4dFExZzRldEZfU011V2Z3MDEySVpWXzkyYnNfdThaVm92b1hCbWFkTVRMbknSAagCQVVfeXFMUHdfUDcxaE5FVUs2WDI4WGEzS184UVF5MjVkSTkzTmZGMUNYV0NtcW1jVkQwQWl3di1zRXZYNVlMM3AtYnBPZW9fRVd5eG1UQ3B4UGVvSkZOTzlhaUlFUDhYeUtUR0dwU2tXX3BKdEtZRFB3ZERkckZlRTZpQ0VFOG1VNmR3VEhOZHdJdHhOMEJWTERjQVlzU2JsWXFzaWRkbkF1THNXSU9FN2xYOVp4UDRhZF9aSVY3LUhNNWRvdE52d214TERTY2huTndsbkpQZm0xN0RnNWhjcXUyOUMzbGFaWjBOWksyOThsMWNwTEs5c083LXBKUjNBZjM0NnA0aXBfVi1mYl9IaUVQTU1RWTNMMVZ5NzBxWk9IN0R0cF9meTVBOEpSdVM?oc=5,2026-01-22 07:27:00,Times of India,"<a href=""https://news.google.com/rss/articles/CBMiowJBVV95cUxNMmh6Mjk5TENvXzExeDFVWWEzcWVBT0VuN1g0Z1Z3dF9FR0NpU0hnV09YVTg3aFRfZzZuWkhTZUxUVlhpTU1WYWk5bVpMZHN6LTY0blFkYUFCblI0LWhtZVFDTUg5MXAzVEVNTDdKWDlpM0tRNEFELVZLZzlTVkNvLUdITkd0NjNpRENCbVUwcTFjS0pETzJIbjVKUWxzWDBaQWZod29VVnc2R05Wb1FLWHhxYThNWU1sQWJvRl9jbE85U3FsM1Z2QUFRVG9qdzJwUmpPQTdEVkgyTmJqZEhKZTFmUVJIWWVqbmV2S3lNMmJnVTAyc1Q4dFExZzRldEZfU011V2Z3MDEySVpWXzkyYnNfdThaVm92b1hCbWFkTVRMbknSAagCQVVfeXFMUHdfUDcxaE5FVUs2WDI4WGEzS184UVF5MjVkSTkzTmZGMUNYV0NtcW1jVkQwQWl3di1zRXZYNVlMM3AtYnBPZW9fRVd5eG1UQ3B4UGVvSkZOTzlhaUlFUDhYeUtUR0dwU2tXX3BKdEtZRFB3ZERkckZlRTZpQ0VFOG1VNmR3VEhOZHdJdHhOMEJWTERjQVlzU2JsWXFzaWRkbkF1THNXSU9FN2xYOVp4UDRhZF9aSVY3LUhNNWRvdE52d214TERTY2huTndsbkpQZm0xN0RnNWhjcXUyOUMzbGFaWjBOWksyOThsMWNwTEs5c083LXBKUjNBZjM0NnA0aXBfVi1mYl9IaUVQTU1RWTNMMVZ5NzBxWk9IN0R0cF9meTVBOEpSdVM?oc=5"" target=""_blank"">What’s the weather today: IMD warns of heavy rain, snowfall and thunderstorms in these northwestern state</a>&nbsp;&nbsp;<font color=""#6f6f6f"">Times of India</font>",Monsoon,en
IMD predicts rainfall in Delhi today: Will cold wave return to the capital? - Business Standard,https://news.google.com/rss/articles/CBMi1AFBVV95cUxNUGxWQnU3S2NRLTZEMUp5aHRweGtlMDh2OUw2T1dOTXdqMm9xUkpubThycGFVZk9tWHpERjR4eWhKS2NRV3NjaTF2QnU2cjFhRDlHZGE3MmJWZWFudG02QktLQktkeHdpNzRFNWRZMG1PT25zSkY5WDRGbjRNREFvemhQZ1hEeHl2OV9zMFFXMmUweV8yZTRXUmhYMEhQRUM0V3FYeTZ5MFZHTXZ1dGllRUI3dUJHLTVtem5VRk9ZWjlYeFQzX3AtZVNfbFk4MDR2bzFXWtIB2gFBVV95cUxNRDNvMnJyR3dCMzhvQjBnN0ZaSGtWSXQ4RFc1OGRCdDRfbzJ4RTg0QWl0YXYzS0ljNldyRUUtNWN5c2RWbDVSc0QwMFJsSF8wZm82NlRQOUhJTmtxQUZLYTl4d1c2RmFEUUUwWXhLbE50NlVFbVR3TEM5d0VlTU5YTVUzQXlhaUFwRjZvUnFaZXc4MDQzUnVmOFoxejJIV2tsa2lOZ25rd0ZIX3dpX3hFbS1sVTM2Y1BUQjJmMjZrQzREX2F4NVhhVEZnWVdxTHNTbEtwZ2lBWlh6QQ?oc=5,2026-01-22 07:02:46,Business Standard,"<a href=""https://news.google.com/rss/articles/CBMi1AFBVV95cUxNUGxWQnU3S2NRLTZEMUp5aHRweGtlMDh2OUw2T1dOTXdqMm9xUkpubThycGFVZk9tWHpERjR4eWhKS2NRV3NjaTF2QnU2cjFhRDlHZGE3MmJWZWFudG02QktLQktkeHdpNzRFNWRZMG1PT25zSkY5WDRGbjRNREFvemhQZ1hEeHl2OV9zMFFXMmUweV8yZTRXUmhYMEhQRUM0V3FYeTZ5MFZHTXZ1dGllRUI3dUJHLTVtem5VRk9ZWjlYeFQzX3AtZVNfbFk4MDR2bzFXWtIB2gFBVV95cUxNRDNvMnJyR3dCMzhvQjBnN0ZaSGtWSXQ4RFc1OGRCdDRfbzJ4RTg0QWl0YXYzS0ljNldyRUUtNWN5c2RWbDVSc0QwMFJsSF8wZm82NlRQOUhJTmtxQUZLYTl4d1c2RmFEUUUwWXhLbE50NlVFbVR3TEM5d0VlTU5YTVUzQXlhaUFwRjZvUnFaZXc4MDQzUnVmOFoxejJIV2tsa2lOZ25rd0ZIX3dpX3hFbS1sVTM2Y1BUQjJmMjZrQzREX2F4NVhhVEZnWVdxTHNTbEtwZ2lBWlh6QQ?oc=5"" target=""_blank"">IMD predicts rainfall in Delhi today: Will cold wave return to the capital?</a>&nbsp;&nbsp;<font color=""#6f6f6f"">Business Standard</font>",Monsoon,en
"PMD warns of flash flood in K-P, G-B - The Express Tribune",https://news.google.com/rss/articles/CBMifEFVX3lxTE1JOVVGSmZCVG4zTl9qUU95ZWphUFRROHN2Z0Y4NTdtQmljQTBWN0t2aFVDZ2QzTy0yZlRDR1NwLVY0ZWhfQS1qRFZJNTFXUTFKSUJid1hWQ3pYaVNUb2V6Sk4xQzlySkpNMWhPV1dzcTJXWW9Zdmw4T1E1WTLSAYQBQVVfeXFMTVd2ZVRfeTRMUzhsRXl6cmpvMUVqNkRBa3BqcmFVXzJEbmlFblBJNlVHb25pS3ZxaTc4NW1QUG53dzQ5S0JiYktlYmR1NzAySTIxdDI2aUFHV3RwMTlvcWhLYXJhNjF2OFZ4V1B5SjZOX1lKaHZkUzNOVHlUNXc2OXQzLS13?oc=5,2026-01-22 05:21:08,The Express Tribune,"<a href=""https://news.google.com/rss/articles/CBMifEFVX3lxTE1JOVVGSmZCVG4zTl9qUU95ZWphUFRROHN2Z0Y4NTdtQmljQTBWN0t2aFVDZ2QzTy0yZlRDR1NwLVY0ZWhfQS1qRFZJNTFXUTFKSUJid1hWQ3pYaVNUb2V6Sk4xQzlySkpNMWhPV1dzcTJXWW9Zdmw4T1E1WTLSAYQBQVVfeXFMTVd2ZVRfeTRMUzhsRXl6cmpvMUVqNkRBa3BqcmFVXzJEbmlFblBJNlVHb25pS3ZxaTc4NW1QUG53dzQ5S0JiYktlYmR1NzAySTIxdDI2aUFHV3RwMTlvcWhLYXJhNjF2OFZ4V1B5SjZOX1lKaHZkUzNOVHlUNXc2OXQzLS13?oc=5"" target=""_blank"">PMD warns of flash flood in K-P, G-B</a>&nbsp;&nbsp;<font color=""#6f6f6f"">The Express Tribune</font>",Monsoon,en
"उत्तर भारत में जारी सर्दी का कहर: कश्मीर-हिमाचल में भारी बर्फबारी, दिल्ली-यूपी में बारिश का अलर्ट - weather update heavy rain north india winter forecast imd delhi ncr to up bihar haryana punjab jammu kashmir himachal pr - Jagran",https://news.google.com/rss/articles/CBMijgJBVV95cUxOX1VSR2hzc1U0a3ZISllWc09lTEk3X1VIV3RxV3YxRndqdUFIMjlIRlJVVDdBN2JxU3ozbWVTSmxlX2ttbDBOZTJsUlBLVWhyUDNqcHkxMHk5MUZvbkJLT0otZmUzVXVXWVl0Nk05ZS1YZU4zVE96NmFmTE1xUFFyazR1dVRBcTJsMmFtRDNNUUQ2M0FWdFl4cXljOHR1aTd0MEJXb0x5M25lXzRfcnU3amlYSWVnSU1sc2dEQ0lsWk11dXcweUNyWHN5RjJHLTFjUHlGM1pOVl9aaHhKejNVQ2YyM3ptS2NteF85elpRVnIxNngtU3pia0xkdlRpQjdDM1VXNXFPVGxhaFBnUkE?oc=5,2026-01-22 05:30:00,Jagran,"<a href=""https://news.google.com/rss/articles/CBMijgJBVV95cUxOX1VSR2hzc1U0a3ZISllWc09lTEk3X1VIV3RxV3YxRndqdUFIMjlIRlJVVDdBN2JxU3ozbWVTSmxlX2ttbDBOZTJsUlBLVWhyUDNqcHkxMHk5MUZvbkJLT0otZmUzVXVXWVl0Nk05ZS1YZU4zVE96NmFmTE1xUFFyazR1dVRBcTJsMmFtRDNNUUQ2M0FWdFl4cXljOHR1aTd0MEJXb0x5M25lXzRfcnU3amlYSWVnSU1sc2dEQ0lsWk11dXcweUNyWHN5RjJHLTFjUHlGM1pOVl9aaHhKejNVQ2YyM3ptS2NteF85elpRVnIxNngtU3pia0xkdlRpQjdDM1VXNXFPVGxhaFBnUkE?oc=5"" target=""_blank"">उत्तर भारत में जारी सर्दी का कहर: कश्मीर-हिमाचल में भारी बर्फबारी, दिल्ली-यूपी में बारिश का अलर्ट - weather update heavy rain north india winter forecast imd delhi ncr to up bihar haryana punjab jammu kashmir himachal pr</a>&nbsp;&nbsp;<font color=""#6f6f6f"">Jagran</font>",Monsoon,ur
"Heavy Rain Alert: बदलेगा मौसम का मिजाज: उत्तर भारत के इन 9 राज्यों में होगी भारी बारिश, मौसम विभाग ने जारी किया अलर्ट - Punjab Kesari",https://news.google.com/rss/articles/CBMivAFBVV95cUxPY3BlcGVyVmo5OGJ1N0F1UmRDT0trRG1abUJoVTQ2YnBCWkEzRG55dHdlZ2RmN08zNGxjTkR0OVB6d244cjE2WTlIZUxMU3ZGQ2lYWEpwNnlyRHlDUG1zdkVzQWVOdTFWVFRQZVNfMzlRTWZNWGlaQ3NaOHhGUFdaaC05N25UQ3lVZ3dMU1ZSNGRpWTBNblVsc041UTBORkl5LWVDRWV0cVRRMGtkd0lFVzVMNEV6aWk3andDTtIBvwFBVV95cUxPdFByYlJaNDRmVWdFZGo2MEJvLW5qUGUyZW5TcFFFVC1PeEs1MXpHdUlienI5V1lTMGQzS0Z4c2ZYcXc5YVdxVjBDdkt4aXF0S19YLVZQeTdzM3l3ZXA2R01TVGZCUmc1dzNCRU1QUWhEbDVuZnhNc2ZlZVZLdjRzNXZPeUN1eE5HdDVfNVF3SWotck1teWZvNFRXcThyU1VGV1RraGpnVnVabFhzYmlDWlBwek93aUhERy0wZHZvbw?oc=5,2026-01-22 09:04:21,Punjab Kesari,"<a href=""https://news.google.com/rss/articles/CBMivAFBVV95cUxPY3BlcGVyVmo5OGJ1N0F1UmRDT0trRG1abUJoVTQ2YnBCWkEzRG55dHdlZ2RmN08zNGxjTkR0OVB6d244cjE2WTlIZUxMU3ZGQ2lYWEpwNnlyRHlDUG1zdkVzQWVOdTFWVFRQZVNfMzlRTWZNWGlaQ3NaOHhGUFdaaC05N25UQ3lVZ3dMU1ZSNGRpWTBNblVsc041UTBORkl5LWVDRWV0cVRRMGtkd0lFVzVMNEV6aWk3andDTtIBvwFBVV95cUxPdFByYlJaNDRmVWdFZGo2MEJvLW5qUGUyZW5TcFFFVC1PeEs1MXpHdUlienI5V1lTMGQzS0Z4c2ZYcXc5YVdxVjBDdkt4aXF0S19YLVZQeTdzM3l3ZXA2R01TVGZCUmc1dzNCRU1QUWhEbDVuZnhNc2ZlZVZLdjRzNXZPeUN1eE5HdDVfNVF3SWotck1teWZvNFRXcThyU1VGV1RraGpnVnVabFhzYmlDWlBwek93aUhERy0wZHZvbw?oc=5"" target=""_blank"">Heavy Rain Alert: बदलेगा मौसम का मिजाज: उत्तर भारत के इन 9 राज्यों में होगी भारी बारिश, मौसम विभाग ने जारी किया अलर्ट</a>&nbsp;&nbsp;<font color=""#6f6f6f"">Punjab Kesari</font>",Monsoon,ur
