Title,Link,Date,Source,Summary,Term,LanguageQueried
"LIVE: हिमाचल में मॉनसून की पहली बारिश में बादल फटा, मंडी में भूस्खलन से महिला की मौत, शिमला-कांगड़ा हाईवे ब... - News18 Hindi",https://news.google.com/rss/articles/CBMi3gFBVV95cUxOejU1RlptbGpaeEZVd1A2VEE4a1lXY19yYU1KUlpRSWhXVmx2TEhhRHMzYk5SSEJiQmdxMlhCd3NjOF9fOEtQQjNUekNsMDFmaTFPLTktdkRxY2RMRzZ4UTNPSjFJc2JqSWY2SC1tRW1wdzNzV1B6ZDF2UHZKNXJfR21GbHRCS01OU2N0NlUtNG9rUjViTUhsR1RXdktwOUswaHBPbFhMZzBiWlZJY0lKem5zMHNicW9IREw2am5NUjJKV3dtQkN5X1hXdVd3UUJVRG90REhJY2xYWENSRXfSAeMBQVVfeXFMUDRLOGlIbW9VNWtFblhuTno2OGdwTTBSNlIwN3hJYlo4cGdlV1hJRHQ3WjRQMHpCUlJwSjhRdlV1Ym9nZDZUZ2hGcktGeDlidXpFTDh4ZURRbnBzRkVGb0pfaUhIbFR4cG52WkU1U194V2ZwTEhuRFNJVWlLUGZsVXl4aVVsZ1lhSEQtRmRmVXBiX0hNdS1aVXpzTkRzeWQwRW1rRzJKTW9FRjVlWm5OQkx5Qk4zUjJnb0hRT1plVDFraUd3MndQQVpWaGREOGFtcGJ5dmxHU3hSbUdKdlJ4ODAtNUU?oc=5,2026-07-01 10:15:07,News18 Hindi,"<a href=""https://news.google.com/rss/articles/CBMi3gFBVV95cUxOejU1RlptbGpaeEZVd1A2VEE4a1lXY19yYU1KUlpRSWhXVmx2TEhhRHMzYk5SSEJiQmdxMlhCd3NjOF9fOEtQQjNUekNsMDFmaTFPLTktdkRxY2RMRzZ4UTNPSjFJc2JqSWY2SC1tRW1wdzNzV1B6ZDF2UHZKNXJfR21GbHRCS01OU2N0NlUtNG9rUjViTUhsR1RXdktwOUswaHBPbFhMZzBiWlZJY0lKem5zMHNicW9IREw2am5NUjJKV3dtQkN5X1hXdVd3UUJVRG90REhJY2xYWENSRXfSAeMBQVVfeXFMUDRLOGlIbW9VNWtFblhuTno2OGdwTTBSNlIwN3hJYlo4cGdlV1hJRHQ3WjRQMHpCUlJwSjhRdlV1Ym9nZDZUZ2hGcktGeDlidXpFTDh4ZURRbnBzRkVGb0pfaUhIbFR4cG52WkU1U194V2ZwTEhuRFNJVWlLUGZsVXl4aVVsZ1lhSEQtRmRmVXBiX0hNdS1aVXpzTkRzeWQwRW1rRzJKTW9FRjVlWm5OQkx5Qk4zUjJnb0hRT1plVDFraUd3MndQQVpWaGREOGFtcGJ5dmxHU3hSbUdKdlJ4ODAtNUU?oc=5"" target=""_blank"">LIVE: हिमाचल में मॉनसून की पहली बारिश में बादल फटा, मंडी में भूस्खलन से महिला की मौत, शिमला-कांगड़ा हाईवे ब...</a>&nbsp;&nbsp;<font color=""#6f6f6f"">News18 Hindi</font>",Monsoon,hi
"मॉनसून की प्रोग्रेस के साथ कई राज्यों में भारी बारिश का अलर्ट, जानिए 1 जुलाई को कैसा रहेगा देशभर का मौसम - Kisan Tak",https://news.google.com/rss/articles/CBMi3gFBVV95cUxQMGl6SF96QnpiOThDMVJveS1YUDRHM1RjMl9oR3N4QVhxaFZzbk5sQ29CdW9wNG1SQkR4anRMZ25oN29mckhCdHU5THdXVmQ3RklmMEdnX1BpeFVyeGJQcF9rM2kxZXN2Uk9OQ1J5aHVtUEVCSERtaXpESklWN3hkMU1sR3E5NzYwbVI4dzZzY2FJVWFrcUlmRkdTeHp3Rzk5XzFmd2l3Ty1YTmM1cGFSbVR4QU5YWWVNMi1sR09Oc0VMRDNHWHdha00wVEJ2ajJYVHFoa1VOMnd3Z2RUa1HSAeMBQVVfeXFMTXl1RmJDbG0zcHk1clNlR2g2Y3FoV3JaV0FmbnBVRFlNc3ZNbWk0VzdYUk4tMlBPNHBUSGFTNnV0U0lpUzJIZXZCUFlxU3FDSTJfdjB2akVGaS02WnExX1JNZDk5S0VNWjVaUUtocGNvZ0ctWHpINDZYZEljckE4aDhnZU91bnI1TGxOR1c4RHNXYmE0NUZUOXZSY2dlNmYyaUVfejdidzg5RFFLZnkwVEt5SEdXZTFvU0xJV2N6N1A4Y3FZalpjS2RVZUlNLTk3OTRkRU1EdGVwY1dJbi1QNVVMYTg?oc=5,2026-07-01 07:00:02,Kisan Tak,"<a href=""https://news.google.com/rss/articles/CBMi3gFBVV95cUxQMGl6SF96QnpiOThDMVJveS1YUDRHM1RjMl9oR3N4QVhxaFZzbk5sQ29CdW9wNG1SQkR4anRMZ25oN29mckhCdHU5THdXVmQ3RklmMEdnX1BpeFVyeGJQcF9rM2kxZXN2Uk9OQ1J5aHVtUEVCSERtaXpESklWN3hkMU1sR3E5NzYwbVI4dzZzY2FJVWFrcUlmRkdTeHp3Rzk5XzFmd2l3Ty1YTmM1cGFSbVR4QU5YWWVNMi1sR09Oc0VMRDNHWHdha00wVEJ2ajJYVHFoa1VOMnd3Z2RUa1HSAeMBQVVfeXFMTXl1RmJDbG0zcHk1clNlR2g2Y3FoV3JaV0FmbnBVRFlNc3ZNbWk0VzdYUk4tMlBPNHBUSGFTNnV0U0lpUzJIZXZCUFlxU3FDSTJfdjB2akVGaS02WnExX1JNZDk5S0VNWjVaUUtocGNvZ0ctWHpINDZYZEljckE4aDhnZU91bnI1TGxOR1c4RHNXYmE0NUZUOXZSY2dlNmYyaUVfejdidzg5RFFLZnkwVEt5SEdXZTFvU0xJV2N6N1A4Y3FZalpjS2RVZUlNLTk3OTRkRU1EdGVwY1dJbi1QNVVMYTg?oc=5"" target=""_blank"">मॉनसून की प्रोग्रेस के साथ कई राज्यों में भारी बारिश का अलर्ट, जानिए 1 जुलाई को कैसा रहेगा देशभर का मौसम</a>&nbsp;&nbsp;<font color=""#6f6f6f"">Kisan Tak</font>",Monsoon,hi
"Himachal Weather: हिमाचल के 7 जिलों में मानसून की दस्तक, 2 से 4 जुलाई तक भारी बारिश का अलर्ट - Jagran",https://news.google.com/rss/articles/CBMi7wFBVV95cUxPTHpQdWYxUVl4ejZTSVpmbzByZVJ5cXBxdXNvZjNLVG1MWG5UVEpwUkcteUtqOHJPVUxVN3lvd19tSEp4QjU4Tld6QkthNXRqSi01Yi1GSzRyQ01YdS1BWFhWV3VvME5zMXBCRnp2SUI2UzQtUHk3bVBtOUJDNnEtV1k0Q0dkR3lmQWd2Q0lQcWFqZzF3dkZjUFRtbHgyYzgxSVBuYXV4U0Z1SDViRW1ic0V4RzFuTkZENUsyUEU1RVpZWGxTM0dpa3lUUVg1ZlF5SUFOV3BJNjFtVzY2ZnZiWmE0Y3FiSDZnbTNzZllpVQ?oc=5,2026-07-01 07:46:00,Jagran,"<a href=""https://news.google.com/rss/articles/CBMi7wFBVV95cUxPTHpQdWYxUVl4ejZTSVpmbzByZVJ5cXBxdXNvZjNLVG1MWG5UVEpwUkcteUtqOHJPVUxVN3lvd19tSEp4QjU4Tld6QkthNXRqSi01Yi1GSzRyQ01YdS1BWFhWV3VvME5zMXBCRnp2SUI2UzQtUHk3bVBtOUJDNnEtV1k0Q0dkR3lmQWd2Q0lQcWFqZzF3dkZjUFRtbHgyYzgxSVBuYXV4U0Z1SDViRW1ic0V4RzFuTkZENUsyUEU1RVpZWGxTM0dpa3lUUVg1ZlF5SUFOV3BJNjFtVzY2ZnZiWmE0Y3FiSDZnbTNzZllpVQ?oc=5"" target=""_blank"">Himachal Weather: हिमाचल के 7 जिलों में मानसून की दस्तक, 2 से 4 जुलाई तक भारी बारिश का अलर्ट</a>&nbsp;&nbsp;<font color=""#6f6f6f"">Jagran</font>",Monsoon,hi
"सावधान! हिमाचल के इन 10 जिलों में भारी बारिश आंधी-तूफान का येलो अलर्ट, 50 KM की रफ्तार से चलेंगी तेज हवाएं - ETV Bharat",https://news.google.com/rss/articles/CBMixwFBVV95cUxQQ19aTVlMQzR1MFhfSU5XOG1leWJiUDg5WVQyNldjWVRGQ3ZrbXZsVVBYM2ozV3ZVMlNfVGRDeTdHSjlQS0RUQlVaMmJONDYwbFgzbzV3Z1RTendMQm9CdHpiVy13S05CRVZWS3JJeVBkU3N2YXpBdS1sZWE0VGthcmZvV3l1RkVXaVJ1SWlhd1dWaFd2VTFTQUlHUHFTR0Q2RDRUc3VZcmlpeGR3NVlXMGNadUl1bUlzYWJrZmszNUppVGpIMFJN0gHMAUFVX3lxTE9TUUN5V0lNYUxtV0hyalNqYUc4eXBXWmZ3dThLa3FXTF85ejk3TXFSQWs4OTF0UWJZRUpwR2xQSWhVMlktQ2JXR2ItVms0WU9XdXAxYWZlMUdpbHFGdU9jdEJBdmxZWXVGNVFBLXcwa1phZWZ2eTBkU0xEaldVVFp1QXQwTkxMN2JMZ19MclFQZDhGdFVrREhWcXdETUxQczZ5VjNrNl9jY1FfZXluTk1HWVVINU5PdGFNUGlzV3g1eG1wOVhudlZ1Z1NORg?oc=5,2026-07-01 08:01:39,ETV Bharat,"<a href=""https://news.google.com/rss/articles/CBMixwFBVV95cUxQQ19aTVlMQzR1MFhfSU5XOG1leWJiUDg5WVQyNldjWVRGQ3ZrbXZsVVBYM2ozV3ZVMlNfVGRDeTdHSjlQS0RUQlVaMmJONDYwbFgzbzV3Z1RTendMQm9CdHpiVy13S05CRVZWS3JJeVBkU3N2YXpBdS1sZWE0VGthcmZvV3l1RkVXaVJ1SWlhd1dWaFd2VTFTQUlHUHFTR0Q2RDRUc3VZcmlpeGR3NVlXMGNadUl1bUlzYWJrZmszNUppVGpIMFJN0gHMAUFVX3lxTE9TUUN5V0lNYUxtV0hyalNqYUc4eXBXWmZ3dThLa3FXTF85ejk3TXFSQWs4OTF0UWJZRUpwR2xQSWhVMlktQ2JXR2ItVms0WU9XdXAxYWZlMUdpbHFGdU9jdEJBdmxZWXVGNVFBLXcwa1phZWZ2eTBkU0xEaldVVFp1QXQwTkxMN2JMZ19MclFQZDhGdFVrREhWcXdETUxQczZ5VjNrNl9jY1FfZXluTk1HWVVINU5PdGFNUGlzV3g1eG1wOVhudlZ1Z1NORg?oc=5"" target=""_blank"">सावधान! हिमाचल के इन 10 जिलों में भारी बारिश आंधी-तूफान का येलो अलर्ट, 50 KM की रफ्तार से चलेंगी तेज हवाएं</a>&nbsp;&nbsp;<font color=""#6f6f6f"">ETV Bharat</font>",Monsoon,hi
"हिमाचल में मानसून की पहली बारिश लाई आफत: मंडी में चट्टान गिरने से महिला की मौत, ऊना में जलभराव; रामपुर में पुल बहा - himachal monsoon havoc death waterlogging roads power outages - Jagran",https://news.google.com/rss/articles/CBMivwFBVV95cUxNZTJlYlpZVl9XZ3JPcFN1MXBYQlNsQVRuWVNVMFdVRmFNM0NmUGhUNGNtTnNRbTJJeERZNm9qOFliN1ZSdmV0WTNVcmhKVXlXRV8zakVCMk8xZEZRcEFISGRCajNTZmtvVzdiNzh1U0dpcDFTV3VmQUxWNE9CbHFiSVhJSHkxUVg1eXVQeE95YnRuOW9UTWRSdUtMcDFrb3E4RDdEWHdqMm5tVTUxeFVubHpFdEdkMVJqdXhvWVB1QQ?oc=5,2026-07-01 11:30:00,Jagran,"<a href=""https://news.google.com/rss/articles/CBMivwFBVV95cUxNZTJlYlpZVl9XZ3JPcFN1MXBYQlNsQVRuWVNVMFdVRmFNM0NmUGhUNGNtTnNRbTJJeERZNm9qOFliN1ZSdmV0WTNVcmhKVXlXRV8zakVCMk8xZEZRcEFISGRCajNTZmtvVzdiNzh1U0dpcDFTV3VmQUxWNE9CbHFiSVhJSHkxUVg1eXVQeE95YnRuOW9UTWRSdUtMcDFrb3E4RDdEWHdqMm5tVTUxeFVubHpFdEdkMVJqdXhvWVB1QQ?oc=5"" target=""_blank"">हिमाचल में मानसून की पहली बारिश लाई आफत: मंडी में चट्टान गिरने से महिला की मौत, ऊना में जलभराव; रामपुर में पुल बहा - himachal monsoon havoc death waterlogging roads power outages</a>&nbsp;&nbsp;<font color=""#6f6f6f"">Jagran</font>",Monsoon,hi
"हिमाचल में भारी बारिश का कहर! भूस्खलन से 44 सड़कें बंद, 254 ट्रांसफार्मर ठप; ऑरेंज अलर्ट जारी - Live Hindustan",https://news.google.com/rss/articles/CBMi8wFBVV95cUxPRWpqYlZyeVhLc1dQb0N0Smx2d1JhYkZPblJ2UFg0S3kzN3h2NHNoTnFkcWNVdjBIbU5CRHZFOWRmb3FwSkZjMXBzTEQ0cVJ3dVI1M2xqYlFrQUxqN05TaXBWZ3Q2bEJhdS1RRWpjSE1xU0NabkJjelJDWkoyU2tZZzJ3VjNCWnpVVVB5MGtuNG1XdjZmV1dRUW41cWNLNUFqRWhRWUdlMDNLZTY2bXVfeGthWHhXUU1maHhnNXJWdzhuWC1yUzNQZjhULVNYekVnWHVMNGc4TUNQUWl3d1dfWWQ4UXRqQmZFaHJGQVIyVV9lNjDSAfMBQVVfeXFMT0VqamJWcnlYS3NXUG9DdEpsdndSYWJGT25SdlBYNEt5Mzd4djRzaE5xZHFjVXYwSG1OQkR2RTlkZm9xcEpGYzFwc0xENHFSd3VSNTNsamJRa0FMajdOU2lwVmd0NmxCYXUtUUVqY0hNcVNDWm5CY3pSQ1pKMlNrWWcyd1YzQlp6VVVQeTBrbjRtV3Y2ZldXUVFuNXFjSzVBakVoUVlHZTAzS2U2Nm11X3hrYVh4V1FNZmh4ZzVyVnc4blgtclMzUGY4VC1TWHpFZ1h1TDRnOE1DUFFpd3dXX1lkOFF0akJmRWhyRkFSMlVfZTYw?oc=5,2026-07-01 11:53:04,Live Hindustan,"<a href=""https://news.google.com/rss/articles/CBMi8wFBVV95cUxPRWpqYlZyeVhLc1dQb0N0Smx2d1JhYkZPblJ2UFg0S3kzN3h2NHNoTnFkcWNVdjBIbU5CRHZFOWRmb3FwSkZjMXBzTEQ0cVJ3dVI1M2xqYlFrQUxqN05TaXBWZ3Q2bEJhdS1RRWpjSE1xU0NabkJjelJDWkoyU2tZZzJ3VjNCWnpVVVB5MGtuNG1XdjZmV1dRUW41cWNLNUFqRWhRWUdlMDNLZTY2bXVfeGthWHhXUU1maHhnNXJWdzhuWC1yUzNQZjhULVNYekVnWHVMNGc4TUNQUWl3d1dfWWQ4UXRqQmZFaHJGQVIyVV9lNjDSAfMBQVVfeXFMT0VqamJWcnlYS3NXUG9DdEpsdndSYWJGT25SdlBYNEt5Mzd4djRzaE5xZHFjVXYwSG1OQkR2RTlkZm9xcEpGYzFwc0xENHFSd3VSNTNsamJRa0FMajdOU2lwVmd0NmxCYXUtUUVqY0hNcVNDWm5CY3pSQ1pKMlNrWWcyd1YzQlp6VVVQeTBrbjRtV3Y2ZldXUVFuNXFjSzVBakVoUVlHZTAzS2U2Nm11X3hrYVh4V1FNZmh4ZzVyVnc4blgtclMzUGY4VC1TWHpFZ1h1TDRnOE1DUFFpd3dXX1lkOFF0akJmRWhyRkFSMlVfZTYw?oc=5"" target=""_blank"">हिमाचल में भारी बारिश का कहर! भूस्खलन से 44 सड़कें बंद, 254 ट्रांसफार्मर ठप; ऑरेंज अलर्ट जारी</a>&nbsp;&nbsp;<font color=""#6f6f6f"">Live Hindustan</font>",Monsoon,hi
"हिमाचल के जहालमा नाले में बर्फ पिघलने से फ्लैश फ्लड: 2-3 जुलाई को भारी बारिश की चेतावनी, पांच दिन बाद पहुंच... - Dainik Bhaskar",https://news.google.com/rss/articles/CBMi9AFBVV95cUxNelMyWlg0cXkxSi1RSzRLSTZTM1UyWmljV04xeVhwSFVfN3J1bXUyVkk1TFF5c2FabmxRbzJ4ZWZ1ZXJyRnhjN1gxd0lIaW5fVHVRX1BFaThVUlktWm1VSjVTR0RRVmZZbGNJclJxQ0E5TzgxOG5IaFpJaGN0ZDZXd3NLWXZrRFFIMmVoQVYwTTZBX3h4SWd0dHBMdDc1TTk5RWlZUmxSYXBMbVVvVHVyMmNpT0I4elJoZU1pTlozT2xWVVJjaGFoQTJoQzFNZlp5am9DaENmdnFhRm80US1DazBDbzd3OGVNU0ItLWNFdHVKSi0x0gH6AUFVX3lxTE15eXBvcGR5dGVCcUNaZ2t4NWhLc2tZa3d3ZlBEZlNydHNTVDIxLTd1cWZxeHVrY3VpLXRmOXp2RFcybl9YdUM1OC15YUFDNGF0aTBDVGNZeVp0aW1vcXNvaFcxUWtDT1Vrc05oQzA3d1lSd3ZTNDhUNWxjWXQtN0djN1ptSE1VTjRadndJTWhkMWFXQ05NdzZhY1FLN3h6RnkwSl9hZnRGN3dWMWtTX3NTd29vNmxGNXBmbDhPaGUxUFhXSVduQWZsckpPX2tzOWlaenVGZUFDZ0c5V0FqYlZNU2pValpZTTE5blFSTmVxWFM5ZlYwWmhJVnc?oc=5,2026-07-01 01:33:36,Dainik Bhaskar,"<a href=""https://news.google.com/rss/articles/CBMi9AFBVV95cUxNelMyWlg0cXkxSi1RSzRLSTZTM1UyWmljV04xeVhwSFVfN3J1bXUyVkk1TFF5c2FabmxRbzJ4ZWZ1ZXJyRnhjN1gxd0lIaW5fVHVRX1BFaThVUlktWm1VSjVTR0RRVmZZbGNJclJxQ0E5TzgxOG5IaFpJaGN0ZDZXd3NLWXZrRFFIMmVoQVYwTTZBX3h4SWd0dHBMdDc1TTk5RWlZUmxSYXBMbVVvVHVyMmNpT0I4elJoZU1pTlozT2xWVVJjaGFoQTJoQzFNZlp5am9DaENmdnFhRm80US1DazBDbzd3OGVNU0ItLWNFdHVKSi0x0gH6AUFVX3lxTE15eXBvcGR5dGVCcUNaZ2t4NWhLc2tZa3d3ZlBEZlNydHNTVDIxLTd1cWZxeHVrY3VpLXRmOXp2RFcybl9YdUM1OC15YUFDNGF0aTBDVGNZeVp0aW1vcXNvaFcxUWtDT1Vrc05oQzA3d1lSd3ZTNDhUNWxjWXQtN0djN1ptSE1VTjRadndJTWhkMWFXQ05NdzZhY1FLN3h6RnkwSl9hZnRGN3dWMWtTX3NTd29vNmxGNXBmbDhPaGUxUFhXSVduQWZsckpPX2tzOWlaenVGZUFDZ0c5V0FqYlZNU2pValpZTTE5blFSTmVxWFM5ZlYwWmhJVnc?oc=5"" target=""_blank"">हिमाचल के जहालमा नाले में बर्फ पिघलने से फ्लैश फ्लड: 2-3 जुलाई को भारी बारिश की चेतावनी, पांच दिन बाद पहुंच...</a>&nbsp;&nbsp;<font color=""#6f6f6f"">Dainik Bhaskar</font>",Monsoon,hi
"आज का मौसम 1 जुलाई: 15 राज्यों में भारी बारिश के साथ आंधी-तूफान का अलर्ट, 60 KM की रफ्तार से चलेगी हवा, IMD अपडेट - Navbharat Times",https://news.google.com/rss/articles/CBMinAJBVV95cUxPWjlwZS0tMHpkSjNQWDExY2hQaTlobWI1eWgzMEZxYWdnSHdWMm00SzBkSG1QbTBrSzJXYzV1NWJvUThYQzZPSmpaR3FOU3VvVEtaNnp0SEdQeURpZXNDeU1LUUhILTFPYVJ3anpjOVNBblRnREpyMW0tU3hQMXoxRVM1emM3d1M3em1sR3piUGRNRGNHNlgwV05SaHF2WlpUVE1Vd1BpMUJZY0dIYWNsV3BubHIzbmU4WlMzRmFyTjBtVTNCU19faDlhSjlQUGJFeFFtREV3OWtnck0wb2VOVS1UdWlsWDVjdGh6RnZBeEJDQUtUWF9ZZ1RRaTZQa1ZxNEY4VEcwUVROX2lXUzlJMElPNEFRd2ppdDV2V9IBogJBVV95cUxPSFJxVHd3dkdyVkhQUDEyZ1E2a3E4YXdIQ3VmUkdjSlg0RHZiQVROUGoyOVdCamRtMlRUUnZwWjVncjNVbEVFMEtadEhQZDg5ODdWWm5Ca25rZi1sUE9md0dDaEQ3U3dmM2N6YlNtTjVmSXB0YTQyRDA3c1JYbFVJc3NwaFNWUWhGdHVjdjNaVHlpeWZMVVNrTk9aYi1zaGpCMkl5QVRKWVlXS0xGcVY0QzVyd3lsb1hsQnN4VV9SVEZuSmpYel8tSl80VjFxZFdiSzgwRXg5Vy1ESENySDRIVkxMVHFCbnA0TWRqbXpZaHZuQ1lkU1J4YVNQSTVSa2JYX1YxUzlvbXBRZTAxb1BmTHVnc3dfQV9WU0hQcGpDRnRMUQ?oc=5,2026-07-01 05:46:17,Navbharat Times,"<a href=""https://news.google.com/rss/articles/CBMinAJBVV95cUxPWjlwZS0tMHpkSjNQWDExY2hQaTlobWI1eWgzMEZxYWdnSHdWMm00SzBkSG1QbTBrSzJXYzV1NWJvUThYQzZPSmpaR3FOU3VvVEtaNnp0SEdQeURpZXNDeU1LUUhILTFPYVJ3anpjOVNBblRnREpyMW0tU3hQMXoxRVM1emM3d1M3em1sR3piUGRNRGNHNlgwV05SaHF2WlpUVE1Vd1BpMUJZY0dIYWNsV3BubHIzbmU4WlMzRmFyTjBtVTNCU19faDlhSjlQUGJFeFFtREV3OWtnck0wb2VOVS1UdWlsWDVjdGh6RnZBeEJDQUtUWF9ZZ1RRaTZQa1ZxNEY4VEcwUVROX2lXUzlJMElPNEFRd2ppdDV2V9IBogJBVV95cUxPSFJxVHd3dkdyVkhQUDEyZ1E2a3E4YXdIQ3VmUkdjSlg0RHZiQVROUGoyOVdCamRtMlRUUnZwWjVncjNVbEVFMEtadEhQZDg5ODdWWm5Ca25rZi1sUE9md0dDaEQ3U3dmM2N6YlNtTjVmSXB0YTQyRDA3c1JYbFVJc3NwaFNWUWhGdHVjdjNaVHlpeWZMVVNrTk9aYi1zaGpCMkl5QVRKWVlXS0xGcVY0QzVyd3lsb1hsQnN4VV9SVEZuSmpYel8tSl80VjFxZFdiSzgwRXg5Vy1ESENySDRIVkxMVHFCbnA0TWRqbXpZaHZuQ1lkU1J4YVNQSTVSa2JYX1YxUzlvbXBRZTAxb1BmTHVnc3dfQV9WU0hQcGpDRnRMUQ?oc=5"" target=""_blank"">आज का मौसम 1 जुलाई: 15 राज्यों में भारी बारिश के साथ आंधी-तूफान का अलर्ट, 60 KM की रफ्तार से चलेगी हवा, IMD अपडेट</a>&nbsp;&nbsp;<font color=""#6f6f6f"">Navbharat Times</font>",Monsoon,hi
"Shimla : हिमाचल में भारी बारिश, भूस्खलन से 44 सड़कें बंद, कई जिलों में ऑरेंज अलर्ट - India Ground Report",https://news.google.com/rss/articles/CBMiyAFBVV95cUxQRU1HRDRzSlVEZlNFeDRlQnRXSlRUTUdENTFVZ2xQejZDQlJ1SUdYdks2UjJsZXJJNmphVzVRWG50ajB3Q2R4UjZXZk83VkFTU0VST1JUYWJ0ZHFlZUFhQUlSblZBQW5fS0xtVzZtR01uTGVhOF9zLTZJbnpxTmp5Vk1WanQyUEM1MzV3czdPLTR2b3hCcXVXNWI5OWZ4QUZLSzYtRnRodFVETWc4TXByQVBqX0VNdHZPX1gwSXVjY0VjTmFieml1Sg?oc=5,2026-07-01 12:21:54,India Ground Report,"<a href=""https://news.google.com/rss/articles/CBMiyAFBVV95cUxQRU1HRDRzSlVEZlNFeDRlQnRXSlRUTUdENTFVZ2xQejZDQlJ1SUdYdks2UjJsZXJJNmphVzVRWG50ajB3Q2R4UjZXZk83VkFTU0VST1JUYWJ0ZHFlZUFhQUlSblZBQW5fS0xtVzZtR01uTGVhOF9zLTZJbnpxTmp5Vk1WanQyUEM1MzV3czdPLTR2b3hCcXVXNWI5OWZ4QUZLSzYtRnRodFVETWc4TXByQVBqX0VNdHZPX1gwSXVjY0VjTmFieml1Sg?oc=5"" target=""_blank"">Shimla : हिमाचल में भारी बारिश, भूस्खलन से 44 सड़कें बंद, कई जिलों में ऑरेंज अलर्ट</a>&nbsp;&nbsp;<font color=""#6f6f6f"">India Ground Report</font>",Monsoon,hi
"Weather Update: हिमाचल में मानसून की एंट्री के साथ बिगड़े हालात, अगले 72 घंटे भारी बारिश का ऑरेंज अलर्ट - Punjab Kesari",https://news.google.com/rss/articles/CBMilwFBVV95cUxQZEpwY1dlaWdPWEZNRy1vRGZQRnExVkpDbDlKNkkyT3pWT0VIU1RxSEFRWklnaVA0V0JBcEFPVkJzQkFsWTlkeHJ4UWZSQ25ING4zSkF1bGZja1QyNUMzWjd6UUFYdmtDOUVZaEpZUDRGX2JFbTZDV2hXeTZFVGFvVHhDUE9uMDg0YzRCN0RubkhaU09UcFZz0gGXAUFVX3lxTFBkSnBjV2VpZ09YRk1HLW9EZlBGcTFWSkNsOUo2STJPelZPRUhTVHFIQVFaSWdpUDRXQkFwQU9WQnNCQWxZOWR4cnhRZlJDbkg0bjNKQXVsZmNrVDI1QzNaN3pRQVh2a0M5RVloSllQNEZfYkVtNkNXaFd5NkVUYW9UeENQT24wODRjNEI3RG5uSFpTT1RwVnM?oc=5,2026-07-01 12:04:00,Punjab Kesari,"<a href=""https://news.google.com/rss/articles/CBMilwFBVV95cUxQZEpwY1dlaWdPWEZNRy1vRGZQRnExVkpDbDlKNkkyT3pWT0VIU1RxSEFRWklnaVA0V0JBcEFPVkJzQkFsWTlkeHJ4UWZSQ25ING4zSkF1bGZja1QyNUMzWjd6UUFYdmtDOUVZaEpZUDRGX2JFbTZDV2hXeTZFVGFvVHhDUE9uMDg0YzRCN0RubkhaU09UcFZz0gGXAUFVX3lxTFBkSnBjV2VpZ09YRk1HLW9EZlBGcTFWSkNsOUo2STJPelZPRUhTVHFIQVFaSWdpUDRXQkFwQU9WQnNCQWxZOWR4cnhRZlJDbkg0bjNKQXVsZmNrVDI1QzNaN3pRQVh2a0M5RVloSllQNEZfYkVtNkNXaFd5NkVUYW9UeENQT24wODRjNEI3RG5uSFpTT1RwVnM?oc=5"" target=""_blank"">Weather Update: हिमाचल में मानसून की एंट्री के साथ बिगड़े हालात, अगले 72 घंटे भारी बारिश का ऑरेंज अलर्ट</a>&nbsp;&nbsp;<font color=""#6f6f6f"">Punjab Kesari</font>",Monsoon,hi
"Weather: दिल्ली-एनसीआर में दो-तीन दिन में मानसून की उम्मीद, असम और अरुणाचल में बाढ़-बारिश से जनजीवन प्रभावित - Amar Ujala",https://news.google.com/rss/articles/CBMi6gFBVV95cUxPWUdwR1ZrdnBJcWdLdFVIekVfMzRxNjM5YWZfR252UmNSME9faHZYRGNVZm41OTRoOEhucmZna1Q5eHhscHRhY1p5dXFibW4wU3Rwb3FJcXFJelFZSGdULVAwU3I3SjRvVm55NjNMWlFRZ1BZMzdmWkZ5RXhCMm5zTmtKTWxtVzB3ZFBnWU9zbWtQYmJmRlhCUkppUmVlWEg0RmtDTmlseU1qV1Jlb3YxWXFzYlEzSWZkNlI5a1BqS1lWaElOeEo3Vk9DMTY3czV5QjhGM1E2Y2hmUVhKeWNjZnhFcVdLaHloQXfSAe8BQVVfeXFMTzFydFRQWjdFcW1obVpXN0p4a1g5cS1tb0VMMTIwQ0k3LTVOOG0yWjN2RW1ROGlObHc4eVo5SDhMQ0FVY0JWV01MMmNSVWtoQ3VTTUlTcE9raVhyMGdQa0RKY1pDdkZoa0VXZFBTZlIzZzh4VlpZRWJyMmRJTkVCZl94RDJ0bDVJdG8xazFZRUxsb2hNR21JSzRoOVBvbERJVHZoUWR1OWdBOEI3S2xlbmVxbUhQWlRzUXBFdXFxTFg2VU16M0gxWVRqa1VJeGtWdFlmNFhTOHoyZ0tJQ2pIMTJZRjM0aTJ2dXVVcnhWTkE?oc=5,2026-07-01 05:54:17,Amar Ujala,"<a href=""https://news.google.com/rss/articles/CBMi6gFBVV95cUxPWUdwR1ZrdnBJcWdLdFVIekVfMzRxNjM5YWZfR252UmNSME9faHZYRGNVZm41OTRoOEhucmZna1Q5eHhscHRhY1p5dXFibW4wU3Rwb3FJcXFJelFZSGdULVAwU3I3SjRvVm55NjNMWlFRZ1BZMzdmWkZ5RXhCMm5zTmtKTWxtVzB3ZFBnWU9zbWtQYmJmRlhCUkppUmVlWEg0RmtDTmlseU1qV1Jlb3YxWXFzYlEzSWZkNlI5a1BqS1lWaElOeEo3Vk9DMTY3czV5QjhGM1E2Y2hmUVhKeWNjZnhFcVdLaHloQXfSAe8BQVVfeXFMTzFydFRQWjdFcW1obVpXN0p4a1g5cS1tb0VMMTIwQ0k3LTVOOG0yWjN2RW1ROGlObHc4eVo5SDhMQ0FVY0JWV01MMmNSVWtoQ3VTTUlTcE9raVhyMGdQa0RKY1pDdkZoa0VXZFBTZlIzZzh4VlpZRWJyMmRJTkVCZl94RDJ0bDVJdG8xazFZRUxsb2hNR21JSzRoOVBvbERJVHZoUWR1OWdBOEI3S2xlbmVxbUhQWlRzUXBFdXFxTFg2VU16M0gxWVRqa1VJeGtWdFlmNFhTOHoyZ0tJQ2pIMTJZRjM0aTJ2dXVVcnhWTkE?oc=5"" target=""_blank"">Weather: दिल्ली-एनसीआर में दो-तीन दिन में मानसून की उम्मीद, असम और अरुणाचल में बाढ़-बारिश से जनजीवन प्रभावित</a>&nbsp;&nbsp;<font color=""#6f6f6f"">Amar Ujala</font>",Monsoon,hi
"आज का मौसम 1 जुलाई: 15 राज्यों में भारी बारिश के साथ आंधी-तूफान का अलर्ट, 60 KM की रफ्तार से चलेगी हवा, IMD अपडेट - Navbharat Times",https://news.google.com/rss/articles/CBMiogJBVV95cUxPSFJxVHd3dkdyVkhQUDEyZ1E2a3E4YXdIQ3VmUkdjSlg0RHZiQVROUGoyOVdCamRtMlRUUnZwWjVncjNVbEVFMEtadEhQZDg5ODdWWm5Ca25rZi1sUE9md0dDaEQ3U3dmM2N6YlNtTjVmSXB0YTQyRDA3c1JYbFVJc3NwaFNWUWhGdHVjdjNaVHlpeWZMVVNrTk9aYi1zaGpCMkl5QVRKWVlXS0xGcVY0QzVyd3lsb1hsQnN4VV9SVEZuSmpYel8tSl80VjFxZFdiSzgwRXg5Vy1ESENySDRIVkxMVHFCbnA0TWRqbXpZaHZuQ1lkU1J4YVNQSTVSa2JYX1YxUzlvbXBRZTAxb1BmTHVnc3dfQV9WU0hQcGpDRnRMUdIBogJBVV95cUxPSFJxVHd3dkdyVkhQUDEyZ1E2a3E4YXdIQ3VmUkdjSlg0RHZiQVROUGoyOVdCamRtMlRUUnZwWjVncjNVbEVFMEtadEhQZDg5ODdWWm5Ca25rZi1sUE9md0dDaEQ3U3dmM2N6YlNtTjVmSXB0YTQyRDA3c1JYbFVJc3NwaFNWUWhGdHVjdjNaVHlpeWZMVVNrTk9aYi1zaGpCMkl5QVRKWVlXS0xGcVY0QzVyd3lsb1hsQnN4VV9SVEZuSmpYel8tSl80VjFxZFdiSzgwRXg5Vy1ESENySDRIVkxMVHFCbnA0TWRqbXpZaHZuQ1lkU1J4YVNQSTVSa2JYX1YxUzlvbXBRZTAxb1BmTHVnc3dfQV9WU0hQcGpDRnRMUQ?oc=5,2026-07-01 05:46:17,Navbharat Times,"<a href=""https://news.google.com/rss/articles/CBMiogJBVV95cUxPSFJxVHd3dkdyVkhQUDEyZ1E2a3E4YXdIQ3VmUkdjSlg0RHZiQVROUGoyOVdCamRtMlRUUnZwWjVncjNVbEVFMEtadEhQZDg5ODdWWm5Ca25rZi1sUE9md0dDaEQ3U3dmM2N6YlNtTjVmSXB0YTQyRDA3c1JYbFVJc3NwaFNWUWhGdHVjdjNaVHlpeWZMVVNrTk9aYi1zaGpCMkl5QVRKWVlXS0xGcVY0QzVyd3lsb1hsQnN4VV9SVEZuSmpYel8tSl80VjFxZFdiSzgwRXg5Vy1ESENySDRIVkxMVHFCbnA0TWRqbXpZaHZuQ1lkU1J4YVNQSTVSa2JYX1YxUzlvbXBRZTAxb1BmTHVnc3dfQV9WU0hQcGpDRnRMUdIBogJBVV95cUxPSFJxVHd3dkdyVkhQUDEyZ1E2a3E4YXdIQ3VmUkdjSlg0RHZiQVROUGoyOVdCamRtMlRUUnZwWjVncjNVbEVFMEtadEhQZDg5ODdWWm5Ca25rZi1sUE9md0dDaEQ3U3dmM2N6YlNtTjVmSXB0YTQyRDA3c1JYbFVJc3NwaFNWUWhGdHVjdjNaVHlpeWZMVVNrTk9aYi1zaGpCMkl5QVRKWVlXS0xGcVY0QzVyd3lsb1hsQnN4VV9SVEZuSmpYel8tSl80VjFxZFdiSzgwRXg5Vy1ESENySDRIVkxMVHFCbnA0TWRqbXpZaHZuQ1lkU1J4YVNQSTVSa2JYX1YxUzlvbXBRZTAxb1BmTHVnc3dfQV9WU0hQcGpDRnRMUQ?oc=5"" target=""_blank"">आज का मौसम 1 जुलाई: 15 राज्यों में भारी बारिश के साथ आंधी-तूफान का अलर्ट, 60 KM की रफ्तार से चलेगी हवा, IMD अपडेट</a>&nbsp;&nbsp;<font color=""#6f6f6f"">Navbharat Times</font>",Monsoon,hi
"As monsoon covers entire Himachal, IMD warns tourists to avoid landslide-prone areas - The Indian Express",https://news.google.com/rss/articles/CBMiswFBVV95cUxOYTNIa05Wb0JUNDJPU1FGTmJaSkt2bXZFRzcxVXhDYlpCN0VmOW1QSy1rcDdTcTF0NlduVXRNU3JiM2xRcjNMWkJBdUVCc3hVc1RJMDhucVZrLXJNYzg5OUZ5T2hDY3hNVXQwQ1E4eDFQNWdSVm1famtFMmdKNHVndWQzNmRZNUZCLWRnWkpZeWw0allFTXIzcWRwbV9zNTRvT2UxbDJXN0tHYlVzTHh6Q0Myb9IBugFBVV95cUxNNDdHOXhOaU8wNTlqc1A2eUhxaWFhUGUyWXNYSWhFN0dqZVZpdHBVQnhZN3pkVGhZUnRua052SEkyZWxfS25jdVdoMms5dVpybVlEVE1yZF84clpQcGxCMGpSa1hMQ3VlVDdnV1FKY3V4b1g0QTJLNGxqemRISEVjRmZJTUd2WnZsV0ljV2hmZkJwTXRwdmFkcmtKVy1JNUJ1X1NpZm1OWTFDb1RncC1JMTBzSWVTTGJnWGc?oc=5,2026-07-01 13:13:47,The Indian Express,"<a href=""https://news.google.com/rss/articles/CBMiswFBVV95cUxOYTNIa05Wb0JUNDJPU1FGTmJaSkt2bXZFRzcxVXhDYlpCN0VmOW1QSy1rcDdTcTF0NlduVXRNU3JiM2xRcjNMWkJBdUVCc3hVc1RJMDhucVZrLXJNYzg5OUZ5T2hDY3hNVXQwQ1E4eDFQNWdSVm1famtFMmdKNHVndWQzNmRZNUZCLWRnWkpZeWw0allFTXIzcWRwbV9zNTRvT2UxbDJXN0tHYlVzTHh6Q0Myb9IBugFBVV95cUxNNDdHOXhOaU8wNTlqc1A2eUhxaWFhUGUyWXNYSWhFN0dqZVZpdHBVQnhZN3pkVGhZUnRua052SEkyZWxfS25jdVdoMms5dVpybVlEVE1yZF84clpQcGxCMGpSa1hMQ3VlVDdnV1FKY3V4b1g0QTJLNGxqemRISEVjRmZJTUd2WnZsV0ljV2hmZkJwTXRwdmFkcmtKVy1JNUJ1X1NpZm1OWTFDb1RncC1JMTBzSWVTTGJnWGc?oc=5"" target=""_blank"">As monsoon covers entire Himachal, IMD warns tourists to avoid landslide-prone areas</a>&nbsp;&nbsp;<font color=""#6f6f6f"">The Indian Express</font>",Monsoon,en
"Himachal Flash Floods Leave Villages Cut Off; More Heavy Rain Likely, Says IMD - Outlook Traveller",https://news.google.com/rss/articles/CBMitAFBVV95cUxNRGlmTDhmY1dvWEc1SXBoQlBEOU5JMHpCMV80X3J5LVllZk5LbjB1SUNPYmRWVkhESTJteTY4YjdieUhJOS1zcUNKMERBWG02dHNSX09tMDgzRl9yN0cteS10dzJYWVJmWEFMZEs1SENwU0xRcW1IMjlEcDNnbVhPaGxmSml0dG5XODRHckRHU2VzSEh6bGxzd2x0Z3NyUXpUTVh3UVM1b0RrdjBQOEdGcFdRa0s?oc=5,2026-07-01 12:13:07,Outlook Traveller,"<a href=""https://news.google.com/rss/articles/CBMitAFBVV95cUxNRGlmTDhmY1dvWEc1SXBoQlBEOU5JMHpCMV80X3J5LVllZk5LbjB1SUNPYmRWVkhESTJteTY4YjdieUhJOS1zcUNKMERBWG02dHNSX09tMDgzRl9yN0cteS10dzJYWVJmWEFMZEs1SENwU0xRcW1IMjlEcDNnbVhPaGxmSml0dG5XODRHckRHU2VzSEh6bGxzd2x0Z3NyUXpUTVh3UVM1b0RrdjBQOEdGcFdRa0s?oc=5"" target=""_blank"">Himachal Flash Floods Leave Villages Cut Off; More Heavy Rain Likely, Says IMD</a>&nbsp;&nbsp;<font color=""#6f6f6f"">Outlook Traveller</font>",Monsoon,en
"Monsoon Lashes Himachal: Heavy Rains, Road Closures, and Rising Toll - Devdiscourse",https://news.google.com/rss/articles/CBMivAFBVV95cUxOSGpVZ0MyQ3lvSU9GUUsyQ0xKX2xTQ1NyX0FSbE1RMW5ya1haSEYtTHAxWUdjRDhpSkNXU3Q1QTBIVU82c3l1U1YzeFQ4bUhhMEFyRUxwWW9GU2hUQlpkWkF1S1V1aUVxcWRfcmJFYkJzTzF3VlpWenZaUzFabDZ0cmhwVkJUSzE1U0ZjVnlkVlpNXzBXc212QjNQaVloVEdhTEtLampubDVfQUhCRXo2WlJMMnhiRkdXM2VHR9IBwgFBVV95cUxQSW9nRXRLX0ZIdkc3MFRyOU9MdXVBR0w0aXV1SnZyVVdFRVlDLXVtWmpySkFuRmlBYjkwY3JCeXIxOFJKcGMwZ3h1eHB4YVlGWmxnSEZvanBneFMtc3hTdTZHTjZDQzJSWTdlbzMydnMwTXVHSm1sOHdueUNZR3VjQ0phbUNDYzJaamp4dWN6ZmdROWhIZkJzM0NHY2tPLVQ2b0JySmlOdjN6RzRqaW1qaV9oMnJJRlBUV0J3dGlvWThJdw?oc=5,2026-07-01 12:52:11,Devdiscourse,"<a href=""https://news.google.com/rss/articles/CBMivAFBVV95cUxOSGpVZ0MyQ3lvSU9GUUsyQ0xKX2xTQ1NyX0FSbE1RMW5ya1haSEYtTHAxWUdjRDhpSkNXU3Q1QTBIVU82c3l1U1YzeFQ4bUhhMEFyRUxwWW9GU2hUQlpkWkF1S1V1aUVxcWRfcmJFYkJzTzF3VlpWenZaUzFabDZ0cmhwVkJUSzE1U0ZjVnlkVlpNXzBXc212QjNQaVloVEdhTEtLampubDVfQUhCRXo2WlJMMnhiRkdXM2VHR9IBwgFBVV95cUxQSW9nRXRLX0ZIdkc3MFRyOU9MdXVBR0w0aXV1SnZyVVdFRVlDLXVtWmpySkFuRmlBYjkwY3JCeXIxOFJKcGMwZ3h1eHB4YVlGWmxnSEZvanBneFMtc3hTdTZHTjZDQzJSWTdlbzMydnMwTXVHSm1sOHdueUNZR3VjQ0phbUNDYzJaamp4dWN6ZmdROWhIZkJzM0NHY2tPLVQ2b0JySmlOdjN6RzRqaW1qaV9oMnJJRlBUV0J3dGlvWThJdw?oc=5"" target=""_blank"">Monsoon Lashes Himachal: Heavy Rains, Road Closures, and Rising Toll</a>&nbsp;&nbsp;<font color=""#6f6f6f"">Devdiscourse</font>",Monsoon,en
Monsoon intensifies with heavy rain forecast in Himachal Pradesh - The News Mill,https://news.google.com/rss/articles/CBMisAFBVV95cUxORWVRd3BzTzZSSGUzR0t4MWxkVWRjODQ2Q3Mwc2pDZUl1ZW9rbmV3Z0VFM0RuLWtQendCeUlObGMzVnZSLXhRZ2pLdXljUnRNSDF2aDgxRFYwRGZoNmdsaTIwTWRtRXBoX2NKS211WGdoUnJ5cS1YeXBZR0lZY0dGcjFtcUl5aWQ4TThMVFdJZ1pnNFpKQUl4X0E5dFFON3FlNW9ITGczclRfZkR1YWxPWg?oc=5,2026-07-01 12:07:14,The News Mill,"<a href=""https://news.google.com/rss/articles/CBMisAFBVV95cUxORWVRd3BzTzZSSGUzR0t4MWxkVWRjODQ2Q3Mwc2pDZUl1ZW9rbmV3Z0VFM0RuLWtQendCeUlObGMzVnZSLXhRZ2pLdXljUnRNSDF2aDgxRFYwRGZoNmdsaTIwTWRtRXBoX2NKS211WGdoUnJ5cS1YeXBZR0lZY0dGcjFtcUl5aWQ4TThMVFdJZ1pnNFpKQUl4X0E5dFFON3FlNW9ITGczclRfZkR1YWxPWg?oc=5"" target=""_blank"">Monsoon intensifies with heavy rain forecast in Himachal Pradesh</a>&nbsp;&nbsp;<font color=""#6f6f6f"">The News Mill</font>",Monsoon,en
IMD Predicts Below-Normal July Rainfall Across India; Monsoon Reaches Himachal A Week Late - Republic World,https://news.google.com/rss/articles/CBMi2wFBVV95cUxQVDZhMUJJcWtsY1FYUTltWjJnUUJRZlZORXlsOWJVcGQ4Ym1UVHZGd0RwLWh5RTNVdm5DUzdxd3BJTF9hUE04YlE4ZnowUllBTE95c1c1Vm92aVAyaURrZllnQVBFOWhYdDIzRDBhT3dCcm5yU0RnWWt1WFJFbFVRNmlldDJfV1UtdjVBUVpRVDZwbzJjY2Z1YWNiMGM3TDNhT2V6UDZmZTlTSGo2c2dER2otVDJRQmd3SWo4dC1qZHQwWUR5bzFQQzhKQnZCMUlaWktjU0t0SjRrZmvSAeABQVVfeXFMTkNPcjZWZWVOMmVsd1Nfc3pnbkN0LUZFZnJoSVJvUGpEellNc2tqQ3JzaHVnOEtWV21GSHJ2RFU1cnJIYl9KZW5iZk5NcVd3N3k2OFJlNmpZZ3ptWW9NbDBjcVZOYmI4bFZvdFJzeEp0dVV1MC14MWQ4WU8xMmpPNGxIeTIzZ0tLSlhFdWlBWTlKUmZZZjJvajQwbU9DQVJXREtZd25rem9UTm42YVVaS1JidVlQR3ZvbnBaal9XMHhGVnFjNDkxY2pQMHFZUUVZTkdNUEFOekNWYUVlNi10QWE?oc=5,2026-07-01 03:24:03,Republic World,"<a href=""https://news.google.com/rss/articles/CBMi2wFBVV95cUxQVDZhMUJJcWtsY1FYUTltWjJnUUJRZlZORXlsOWJVcGQ4Ym1UVHZGd0RwLWh5RTNVdm5DUzdxd3BJTF9hUE04YlE4ZnowUllBTE95c1c1Vm92aVAyaURrZllnQVBFOWhYdDIzRDBhT3dCcm5yU0RnWWt1WFJFbFVRNmlldDJfV1UtdjVBUVpRVDZwbzJjY2Z1YWNiMGM3TDNhT2V6UDZmZTlTSGo2c2dER2otVDJRQmd3SWo4dC1qZHQwWUR5bzFQQzhKQnZCMUlaWktjU0t0SjRrZmvSAeABQVVfeXFMTkNPcjZWZWVOMmVsd1Nfc3pnbkN0LUZFZnJoSVJvUGpEellNc2tqQ3JzaHVnOEtWV21GSHJ2RFU1cnJIYl9KZW5iZk5NcVd3N3k2OFJlNmpZZ3ptWW9NbDBjcVZOYmI4bFZvdFJzeEp0dVV1MC14MWQ4WU8xMmpPNGxIeTIzZ0tLSlhFdWlBWTlKUmZZZjJvajQwbU9DQVJXREtZd25rem9UTm42YVVaS1JidVlQR3ZvbnBaal9XMHhGVnFjNDkxY2pQMHFZUUVZTkdNUEFOekNWYUVlNi10QWE?oc=5"" target=""_blank"">IMD Predicts Below-Normal July Rainfall Across India; Monsoon Reaches Himachal A Week Late</a>&nbsp;&nbsp;<font color=""#6f6f6f"">Republic World</font>",Monsoon,en
Himachal Monsoon Alert: Why You Must Avoid These Dangerous Routes Before Driving to Shimla - NativePlanet,https://news.google.com/rss/articles/CBMi2AFBVV95cUxPa2t6UkRUeUxRS3J6cnQ3SmM1ZG1hZ0hTTmV2YmVtamJrRGpQakV4bEl6SFg3VGh1ZG9SdUxlMXZfeTB0Tk9kVjd0OFhVaFJwTEIwZ3NaYVhyWGpUNkx6Y1R0TGtwa0FvODR5N3FEME9nSHVkb09IMnh5Z1RoaFdjbFZHX0RuaV9IcG9hZ01pM3RTVTVfaEdpZ3k2SUVTU1oxbDJkU1k1djdfRE9nVmdvWjI0azB2b0lHTDA1VVFXNnZCYnZHbTZad2dRMHZkcWpGd3pEMEI4VFU?oc=5,2026-07-01 11:38:14,NativePlanet,"<a href=""https://news.google.com/rss/articles/CBMi2AFBVV95cUxPa2t6UkRUeUxRS3J6cnQ3SmM1ZG1hZ0hTTmV2YmVtamJrRGpQakV4bEl6SFg3VGh1ZG9SdUxlMXZfeTB0Tk9kVjd0OFhVaFJwTEIwZ3NaYVhyWGpUNkx6Y1R0TGtwa0FvODR5N3FEME9nSHVkb09IMnh5Z1RoaFdjbFZHX0RuaV9IcG9hZ01pM3RTVTVfaEdpZ3k2SUVTU1oxbDJkU1k1djdfRE9nVmdvWjI0azB2b0lHTDA1VVFXNnZCYnZHbTZad2dRMHZkcWpGd3pEMEI4VFU?oc=5"" target=""_blank"">Himachal Monsoon Alert: Why You Must Avoid These Dangerous Routes Before Driving to Shimla</a>&nbsp;&nbsp;<font color=""#6f6f6f"">NativePlanet</font>",Monsoon,en
"Himachal: Pre-monsoon weather havoc claims 128 lives, roads blocked - Asianet Newsable",https://news.google.com/rss/articles/CBMiwgFBVV95cUxObWVIM2tZNENEbEdfMER2UTF2ZXRkZlF1Z2hqbnhWQ19xZTVqZkJQNF95djdCOVRqWWpoNG1fcDZVYlZqbW95aE84V05nSFluTkFsVld2eTRfMm1wSHlrZXhaWWlpOGM5NG9fLVVZUDdHc3BxUjlUOUVVaHFyQ1k4eWc3SGxzWE5hVXdfUnRzMkNTaGx2RjRIem1IRWZucElWOGpVVlhQWU9tRW9HdTFFSzVmQzcxcmw1dWx0djExZ0htd9IBxwFBVV95cUxQU1NDbXUzXy0xdk1zVVMtLXViamJ2RUhWT2NtRWR3T2FVZEtKdENwcGhCV0RaTU5XdmhtRUV6QzJIczE0c0cxYWJGRFNBam9MUG5IQnZxNmdWWHZRQzlWTlFQWjZVTDNFZ1FMSDlGZXFvcnJuck1JcUtzS2paMkhPNDNqZ2c4bk50MV96VElCYnVLdjQtSjd5MkFQMmNQbTBOV0FtSDJxMVJGcDQwR0ZpWXh2RnkwdWx4UENUMS01bGRVSnd5eEw0?oc=5,2026-07-01 13:01:34,Asianet Newsable,"<a href=""https://news.google.com/rss/articles/CBMiwgFBVV95cUxObWVIM2tZNENEbEdfMER2UTF2ZXRkZlF1Z2hqbnhWQ19xZTVqZkJQNF95djdCOVRqWWpoNG1fcDZVYlZqbW95aE84V05nSFluTkFsVld2eTRfMm1wSHlrZXhaWWlpOGM5NG9fLVVZUDdHc3BxUjlUOUVVaHFyQ1k4eWc3SGxzWE5hVXdfUnRzMkNTaGx2RjRIem1IRWZucElWOGpVVlhQWU9tRW9HdTFFSzVmQzcxcmw1dWx0djExZ0htd9IBxwFBVV95cUxQU1NDbXUzXy0xdk1zVVMtLXViamJ2RUhWT2NtRWR3T2FVZEtKdENwcGhCV0RaTU5XdmhtRUV6QzJIczE0c0cxYWJGRFNBam9MUG5IQnZxNmdWWHZRQzlWTlFQWjZVTDNFZ1FMSDlGZXFvcnJuck1JcUtzS2paMkhPNDNqZ2c4bk50MV96VElCYnVLdjQtSjd5MkFQMmNQbTBOV0FtSDJxMVJGcDQwR0ZpWXh2RnkwdWx4UENUMS01bGRVSnd5eEw0?oc=5"" target=""_blank"">Himachal: Pre-monsoon weather havoc claims 128 lives, roads blocked</a>&nbsp;&nbsp;<font color=""#6f6f6f"">Asianet Newsable</font>",Monsoon,en
"1,500 km monsoon trough triggers heavy rain alert in 26 States - The Hans India",https://news.google.com/rss/articles/CBMisgFBVV95cUxQd2IxaTBRYzVzU29ONjNfc2VtVzNCVElyN0gwMVhjSVRkNGVYYm1EZmlkMWdraGwxaEs2QVEwRk1uUEd0ci1SUWkxc3hxSlh4ZUh2Mi1Kb05DTHpzS0p2SlBiTTBhQXhRdHBrYjZScmZURHlLbnhhUHNNX1NvZUxrUFNyajdmVzVib3VYbDl6M3dUc1pVQ3B2Z2xpZmpXMTdVWjJUTUU1TE9CZnhJb1pNcnV30gG3AUFVX3lxTFBlbFoxQjVxUG9OR1ZJMktzQzdJbFl3SG1ydVpaZVlNd2U1RGEzcWJrbFRwR2RmX0lIYmNDNmRTVG1jZDNMckVjdkY0elpuWnR1V2h3aTkxbEJvNTFic3EwNWlWSUNwZW5oR2hrMl9JZGhfOGNPSGhUSDBuVnRYeU51aVd5SUx5TnRQdkIzMzRUZFU0Rkp5OGNJYXNTNjA2b01kVXZOamVKdm5hRDh1akp0R0plT1FZMA?oc=5,2026-07-01 10:59:49,The Hans India,"<a href=""https://news.google.com/rss/articles/CBMisgFBVV95cUxQd2IxaTBRYzVzU29ONjNfc2VtVzNCVElyN0gwMVhjSVRkNGVYYm1EZmlkMWdraGwxaEs2QVEwRk1uUEd0ci1SUWkxc3hxSlh4ZUh2Mi1Kb05DTHpzS0p2SlBiTTBhQXhRdHBrYjZScmZURHlLbnhhUHNNX1NvZUxrUFNyajdmVzVib3VYbDl6M3dUc1pVQ3B2Z2xpZmpXMTdVWjJUTUU1TE9CZnhJb1pNcnV30gG3AUFVX3lxTFBlbFoxQjVxUG9OR1ZJMktzQzdJbFl3SG1ydVpaZVlNd2U1RGEzcWJrbFRwR2RmX0lIYmNDNmRTVG1jZDNMckVjdkY0elpuWnR1V2h3aTkxbEJvNTFic3EwNWlWSUNwZW5oR2hrMl9JZGhfOGNPSGhUSDBuVnRYeU51aVd5SUx5TnRQdkIzMzRUZFU0Rkp5OGNJYXNTNjA2b01kVXZOamVKdm5hRDh1akp0R0plT1FZMA?oc=5"" target=""_blank"">1,500 km monsoon trough triggers heavy rain alert in 26 States</a>&nbsp;&nbsp;<font color=""#6f6f6f"">The Hans India</font>",Monsoon,en
"Monsoon Rains Wreak Havoc In Mountains; Flood Hits Manali-Leh Highway, Cloud Bursts Break Connectivity In J-K's Doda - The Daily Jagran",https://news.google.com/rss/articles/CBMi7wFBVV95cUxNd1d3R05iV082ckZXM1gwekgtdDV1M1VXTmpWSlc4c0h6YTFlb1ViTEdkUWdjMlA0YWc3d2JSTHBKR3JsTEowWVN0RWo2MVFkMVBSWUFyaFVCNWllMElGLVBja3Jmd3hMbzVvSWlyMkNpNTVMRWtMTUM0ZTNCcjhzREUzaXo0NEVmY3ZXcGE2aUs0Z21IanhIVTZOV0Vwc1FndHgxNXZ2RXktSmFWdjRtQURiMDVfaUVTUlpQSHpVUGU4a1lia2lWUkhieC15OUVnbU9UeXphQWhTM2I0QlA4ZTNMT1hlS28zX1J3VGkyYw?oc=5,2026-07-01 13:30:00,The Daily Jagran,"<a href=""https://news.google.com/rss/articles/CBMi7wFBVV95cUxNd1d3R05iV082ckZXM1gwekgtdDV1M1VXTmpWSlc4c0h6YTFlb1ViTEdkUWdjMlA0YWc3d2JSTHBKR3JsTEowWVN0RWo2MVFkMVBSWUFyaFVCNWllMElGLVBja3Jmd3hMbzVvSWlyMkNpNTVMRWtMTUM0ZTNCcjhzREUzaXo0NEVmY3ZXcGE2aUs0Z21IanhIVTZOV0Vwc1FndHgxNXZ2RXktSmFWdjRtQURiMDVfaUVTUlpQSHpVUGU4a1lia2lWUkhieC15OUVnbU9UeXphQWhTM2I0QlA4ZTNMT1hlS28zX1J3VGkyYw?oc=5"" target=""_blank"">Monsoon Rains Wreak Havoc In Mountains; Flood Hits Manali-Leh Highway, Cloud Bursts Break Connectivity In J-K's Doda</a>&nbsp;&nbsp;<font color=""#6f6f6f"">The Daily Jagran</font>",Monsoon,en
Himachal Pradesh Faces Heavy Rain and Snowfall; Roads Closed in Lahaul-Spiti - News On AIR,https://news.google.com/rss/articles/CBMiowFBVV95cUxPWlZWOTVYSVhmYlBfWmJoaVB4ajkxZVJNQzdRc2tmWmdaVGRVRFUtaDFmUXAxc1ByNU1UMjJCX2ZSb2J4dnQwRm5ReWpsdS1HUFpMREl5Qm1yZzFoV01INGRjWUxNZkFmWW5zREdpV1ZyejgxWlpYX3VIVGpuS2djOTV5UlZJUHI5NWhsS2p2U2tBbnViOUxsd0xQMXhHdHF5OFNn?oc=5,2026-07-01 02:28:43,News On AIR,"<a href=""https://news.google.com/rss/articles/CBMiowFBVV95cUxPWlZWOTVYSVhmYlBfWmJoaVB4ajkxZVJNQzdRc2tmWmdaVGRVRFUtaDFmUXAxc1ByNU1UMjJCX2ZSb2J4dnQwRm5ReWpsdS1HUFpMREl5Qm1yZzFoV01INGRjWUxNZkFmWW5zREdpV1ZyejgxWlpYX3VIVGpuS2djOTV5UlZJUHI5NWhsS2p2U2tBbnViOUxsd0xQMXhHdHF5OFNn?oc=5"" target=""_blank"">Himachal Pradesh Faces Heavy Rain and Snowfall; Roads Closed in Lahaul-Spiti</a>&nbsp;&nbsp;<font color=""#6f6f6f"">News On AIR</font>",Monsoon,en
"Southwest Monsoon covers entire Himachal Pradesh, reaches state 6 days after normal onset - ANI News",https://news.google.com/rss/articles/CBMi5wFBVV95cUxPdVlDUkNqSy1mcEJWTm5wRk5yQU1EdUhMX19LN3BzTk5QT1lZU0FIM0xsM21zSnlwMVdEWW1rSWMyTk9TcnZWQTZxZG9RWVN6SlR5d1pKWFIxM0ZGcko1cEpfTnYxVEZBNUx3SkRmVkhKcHZKdVAwLWFuUlRPQ2Q2akF1Z0xGNFFDR2xNMU9WNGUzMmdtWVMxUzRzYS1vUGM4eXBTVWRqNGhzOGROZ2hWV283amcxc2g0M3hFRVE0U0V3SEtqWVg0UmdZcWpIbUNaVnNGc2p1YjN6ci0xZ2EyNjcxamVjVTA?oc=5,2026-07-01 12:46:00,ANI News,"<a href=""https://news.google.com/rss/articles/CBMi5wFBVV95cUxPdVlDUkNqSy1mcEJWTm5wRk5yQU1EdUhMX19LN3BzTk5QT1lZU0FIM0xsM21zSnlwMVdEWW1rSWMyTk9TcnZWQTZxZG9RWVN6SlR5d1pKWFIxM0ZGcko1cEpfTnYxVEZBNUx3SkRmVkhKcHZKdVAwLWFuUlRPQ2Q2akF1Z0xGNFFDR2xNMU9WNGUzMmdtWVMxUzRzYS1vUGM4eXBTVWRqNGhzOGROZ2hWV283amcxc2g0M3hFRVE0U0V3SEtqWVg0UmdZcWpIbUNaVnNGc2p1YjN6ci0xZ2EyNjcxamVjVTA?oc=5"" target=""_blank"">Southwest Monsoon covers entire Himachal Pradesh, reaches state 6 days after normal onset</a>&nbsp;&nbsp;<font color=""#6f6f6f"">ANI News</font>",Monsoon,en
"Heavy rain disrupts Himachal; Mandi worst hit as 44 roads blocked, 254 transformers affected - The Tribune",https://news.google.com/rss/articles/CBMi0wFBVV95cUxQdHdoVWZDd3BKb0ZNRXRvSms0RDZKYVB4NjdmQ29MemJzUDVfVm84RHprSElubDRRclMwVHZUVU5YQUR4QmJEVWNyVXVfZkhGZ1NwbFdJamF6Ymt2Znp3MnJOSlBxaW56akg1SGxkT0VOMGNIZUNncG1HR0F2VHYxZlZ0OVhHTDhiYlpLbnlEbF8tcldJbmNoWC1pNzBTZHRfQVMxYjJLR0JaeDR0YmRLQTBleXR3eEdxXzhlNjFvbm5nc2o0UGY2MEw3SE5nNUljNHVr0gHTAUFVX3lxTFB0d2hVZkN3cEpvRk1FdG9KazRENkphUHg2N2ZDb0x6YnNQNV9WbzhEemtISW5sNFFyUzBUdlRVTlhBRHhCYkRVY3JVdV9mSEZnU3BsV0lqYXpia3Zmencyck5KUHFpbnpqSDVIbGRPRU4wY0hlQ2dwbUdHQXZUdjFmVnQ5WEdMOGJiWktueURsXy1yV0luY2hYLWk3MFNkdF9BUzFiMktHQlp4NHRiZEtBMGV5dHd4R3FfOGU2MW9ubmdzajRQZjYwTDdITmc1SWM0dWs?oc=5,2026-07-01 10:51:15,The Tribune,"<a href=""https://news.google.com/rss/articles/CBMi0wFBVV95cUxQdHdoVWZDd3BKb0ZNRXRvSms0RDZKYVB4NjdmQ29MemJzUDVfVm84RHprSElubDRRclMwVHZUVU5YQUR4QmJEVWNyVXVfZkhGZ1NwbFdJamF6Ymt2Znp3MnJOSlBxaW56akg1SGxkT0VOMGNIZUNncG1HR0F2VHYxZlZ0OVhHTDhiYlpLbnlEbF8tcldJbmNoWC1pNzBTZHRfQVMxYjJLR0JaeDR0YmRLQTBleXR3eEdxXzhlNjFvbm5nc2o0UGY2MEw3SE5nNUljNHVr0gHTAUFVX3lxTFB0d2hVZkN3cEpvRk1FdG9KazRENkphUHg2N2ZDb0x6YnNQNV9WbzhEemtISW5sNFFyUzBUdlRVTlhBRHhCYkRVY3JVdV9mSEZnU3BsV0lqYXpia3Zmencyck5KUHFpbnpqSDVIbGRPRU4wY0hlQ2dwbUdHQXZUdjFmVnQ5WEdMOGJiWktueURsXy1yV0luY2hYLWk3MFNkdF9BUzFiMktHQlp4NHRiZEtBMGV5dHd4R3FfOGU2MW9ubmdzajRQZjYwTDdITmc1SWM0dWs?oc=5"" target=""_blank"">Heavy rain disrupts Himachal; Mandi worst hit as 44 roads blocked, 254 transformers affected</a>&nbsp;&nbsp;<font color=""#6f6f6f"">The Tribune</font>",Monsoon,en
"1,500 km monsoon trough triggers heavy rain alert in 26 States - The Hans India",https://news.google.com/rss/articles/CBMitwFBVV95cUxQZWxaMUI1cVBvTkdWSTJLc0M3SWxZd0htcnVaWmVZTXdlNURhM3Fia2xUcEdkZl9JSGJjQzZkU1RtY2QzTHJFY3ZGNHpablp0dVdod2k5MWxCbzUxYnNxMDVpVklDcGVuaEdoazJfSWRoXzhjT0hoVEgwblZ0WHlOdWlXeUlMeU50UHZCMzM0VGRVNEZKeThjSWFzUzYwNm9NZFV2TmplSnZuYUQ4dWpKdEdKZU9RWTDSAbcBQVVfeXFMUGVsWjFCNXFQb05HVkkyS3NDN0lsWXdIbXJ1WlplWU13ZTVEYTNxYmtsVHBHZGZfSUhiY0M2ZFNUbWNkM0xyRWN2RjR6Wm5adHVXaHdpOTFsQm81MWJzcTA1aVZJQ3BlbmhHaGsyX0lkaF84Y09IaFRIMG5WdFh5TnVpV3lJTHlOdFB2QjMzNFRkVTRGSnk4Y0lhc1M2MDZvTWRVdk5qZUp2bmFEOHVqSnRHSmVPUVkw?oc=5,2026-07-01 10:59:49,The Hans India,"<a href=""https://news.google.com/rss/articles/CBMitwFBVV95cUxQZWxaMUI1cVBvTkdWSTJLc0M3SWxZd0htcnVaWmVZTXdlNURhM3Fia2xUcEdkZl9JSGJjQzZkU1RtY2QzTHJFY3ZGNHpablp0dVdod2k5MWxCbzUxYnNxMDVpVklDcGVuaEdoazJfSWRoXzhjT0hoVEgwblZ0WHlOdWlXeUlMeU50UHZCMzM0VGRVNEZKeThjSWFzUzYwNm9NZFV2TmplSnZuYUQ4dWpKdEdKZU9RWTDSAbcBQVVfeXFMUGVsWjFCNXFQb05HVkkyS3NDN0lsWXdIbXJ1WlplWU13ZTVEYTNxYmtsVHBHZGZfSUhiY0M2ZFNUbWNkM0xyRWN2RjR6Wm5adHVXaHdpOTFsQm81MWJzcTA1aVZJQ3BlbmhHaGsyX0lkaF84Y09IaFRIMG5WdFh5TnVpV3lJTHlOdFB2QjMzNFRkVTRGSnk4Y0lhc1M2MDZvTWRVdk5qZUp2bmFEOHVqSnRHSmVPUVkw?oc=5"" target=""_blank"">1,500 km monsoon trough triggers heavy rain alert in 26 States</a>&nbsp;&nbsp;<font color=""#6f6f6f"">The Hans India</font>",Monsoon,en
"Heavy Rain Alert: IMD issues heavy rain alert in 21 states, storm alert in 17; know the weather condition - informalnewz",https://news.google.com/rss/articles/CBMizAFBVV95cUxNNU0taXYwNGRUamNQM2dJemdEd1hNUExxSW5fU2xseFZyWWlIbXZldlJmXzgxVU1DUEFfN1lwRFNqY1ZpdnBZOE5iS2YweW1hdG16UW1yaVFhVkNCSHVGR3VYekE1UHhZSndSTDRhVHpSSHZtV2U4U1ZteVZBemxKN2wtSjdrTHlRdGd0MXNZVkhTd096dFZnR2VxVkFNM1FiR3pXNnZpUno5NzdEdTBHc3VwQ1BqNGtETExzeVNhUWRMeFNXUDNVc2dCajLSAdQBQVVfeXFMUEgxWFJzckFWMEFCN3U4aUNkOGp0Tmdsc3BDOHJPcFUzZ3QtNGFvZzlCMWhRS093LU9qT2ZEcU5lbWUxU3c3QzZHOXQ3VEZsSmM1OHZkcHV2dXJVZzFlUXk3MVJnVXM5VmRDaWhsRTQzMFpuam9ieXlhYjdLNFl6V1JKVU14S0M4cXZYU1VFc2NzQk5LZlRUNXhYZWQzbUVQd29obnRPN3NfOFNEYnR0cEFNZlcxMU1ocVhaTDJNaUZDbVp4R2FwOVE4SFpxSzlIRmVHTjE?oc=5,2026-07-01 07:19:38,informalnewz,"<a href=""https://news.google.com/rss/articles/CBMizAFBVV95cUxNNU0taXYwNGRUamNQM2dJemdEd1hNUExxSW5fU2xseFZyWWlIbXZldlJmXzgxVU1DUEFfN1lwRFNqY1ZpdnBZOE5iS2YweW1hdG16UW1yaVFhVkNCSHVGR3VYekE1UHhZSndSTDRhVHpSSHZtV2U4U1ZteVZBemxKN2wtSjdrTHlRdGd0MXNZVkhTd096dFZnR2VxVkFNM1FiR3pXNnZpUno5NzdEdTBHc3VwQ1BqNGtETExzeVNhUWRMeFNXUDNVc2dCajLSAdQBQVVfeXFMUEgxWFJzckFWMEFCN3U4aUNkOGp0Tmdsc3BDOHJPcFUzZ3QtNGFvZzlCMWhRS093LU9qT2ZEcU5lbWUxU3c3QzZHOXQ3VEZsSmM1OHZkcHV2dXJVZzFlUXk3MVJnVXM5VmRDaWhsRTQzMFpuam9ieXlhYjdLNFl6V1JKVU14S0M4cXZYU1VFc2NzQk5LZlRUNXhYZWQzbUVQd29obnRPN3NfOFNEYnR0cEFNZlcxMU1ocVhaTDJNaUZDbVp4R2FwOVE4SFpxSzlIRmVHTjE?oc=5"" target=""_blank"">Heavy Rain Alert: IMD issues heavy rain alert in 21 states, storm alert in 17; know the weather condition</a>&nbsp;&nbsp;<font color=""#6f6f6f"">informalnewz</font>",Monsoon,en
"IMD issues heavy rain alert for these 25+ states, know the weather conditions - informalnewz",https://news.google.com/rss/articles/CBMiqAFBVV95cUxPaGpmT3pQZXJkTzdOR3p4UERpS0Nyd1dnSHhTTzJra0FVY0NNMnJJYlBuME9VUjJzOUJvb2Uzd3JJSzFBNndIeFEwa2c5cjdYZW9Makt1V1A2Z19uQ3k0dlczdW80MW1fMFFpMGNvRFFTY2x1ajVtbmo4RGlFczd3d0lmUC05anlzQW0xb3V5Z0x2U1BBSldzRjBiNU9jQUo1ZzhYZG5BcnrSAbABQVVfeXFMT24tOS05TUNQOWRIbzBUN28yYld4ZXNQWGxaNlJOQTAtWWpkbVF4VjFMZGgtdmd5cGdULTJHX05KLWFPbnBzRzNpT29Hc0JBZTFKdlVheUhsYVJLRTlONEhpUWVaOEtHNXdiMGJmNnBhUEpzem9HYXV5VTVTYjZ2YXNVR3hfdTllbllTOWxOX1loWTdTOHNQTkdVMjFMcm5MbjJSVDNOMkxPcnhvSThfVDY?oc=5,2026-07-01 10:02:32,informalnewz,"<a href=""https://news.google.com/rss/articles/CBMiqAFBVV95cUxPaGpmT3pQZXJkTzdOR3p4UERpS0Nyd1dnSHhTTzJra0FVY0NNMnJJYlBuME9VUjJzOUJvb2Uzd3JJSzFBNndIeFEwa2c5cjdYZW9Makt1V1A2Z19uQ3k0dlczdW80MW1fMFFpMGNvRFFTY2x1ajVtbmo4RGlFczd3d0lmUC05anlzQW0xb3V5Z0x2U1BBSldzRjBiNU9jQUo1ZzhYZG5BcnrSAbABQVVfeXFMT24tOS05TUNQOWRIbzBUN28yYld4ZXNQWGxaNlJOQTAtWWpkbVF4VjFMZGgtdmd5cGdULTJHX05KLWFPbnBzRzNpT29Hc0JBZTFKdlVheUhsYVJLRTlONEhpUWVaOEtHNXdiMGJmNnBhUEpzem9HYXV5VTVTYjZ2YXNVR3hfdTllbllTOWxOX1loWTdTOHNQTkdVMjFMcm5MbjJSVDNOMkxPcnhvSThfVDY?oc=5"" target=""_blank"">IMD issues heavy rain alert for these 25+ states, know the weather conditions</a>&nbsp;&nbsp;<font color=""#6f6f6f"">informalnewz</font>",Monsoon,en
"A flash flood caused by a cloudburst near Jispa in Lahaul-Spiti district, Himachal Pradesh, has blocked the highway and brought traffic to a complete halt. As a precaution, the police have stopped all vehicles from heading towards the affected area. - News Arena India",https://news.google.com/rss/articles/CBMimAFBVV95cUxOQ0VmdEFJOEZFNGhBaktWNmlRWExYTU1xVTI0M0o5b0tOUDJHX09aT0g0V2I3M2tneXdubUo2LWxtQkNhZWlDalpjTkRfeV9DaEVkbWRDTXdhNkhtaTNEMVc0bC10NkR4MXNwYXFuYUxrd2RGNlJRSll2bU9BSzZqMkwya1JhTVZtMUM2V3JoN1NORTR5Q2ZSRQ?oc=5,2026-07-01 12:44:12,News Arena India,"<a href=""https://news.google.com/rss/articles/CBMimAFBVV95cUxOQ0VmdEFJOEZFNGhBaktWNmlRWExYTU1xVTI0M0o5b0tOUDJHX09aT0g0V2I3M2tneXdubUo2LWxtQkNhZWlDalpjTkRfeV9DaEVkbWRDTXdhNkhtaTNEMVc0bC10NkR4MXNwYXFuYUxrd2RGNlJRSll2bU9BSzZqMkwya1JhTVZtMUM2V3JoN1NORTR5Q2ZSRQ?oc=5"" target=""_blank"">A flash flood caused by a cloudburst near Jispa in Lahaul-Spiti district, Himachal Pradesh, has blocked the highway and brought traffic to a complete halt. As a precaution, the police have stopped all vehicles from heading towards the affected area.</a>&nbsp;&nbsp;<font color=""#6f6f6f"">News Arena India</font>",Monsoon,en
Flash flood near Jispa blocks highway in Himachal Pradesh - The News Mill,https://news.google.com/rss/articles/CBMinwFBVV95cUxNZkdGN0pBcGRuVHBrTUFkQ3J6UWxkck41T21SNWQ1R0ZZazBVQkFWMTNVU2dJTWt5QmtBemZZNmVFRmFaZEt6a3B5SWlfZVBmVVB1TzhoNDFQNVN4M2M1UnZpUzVvNnJKVm9DZ1JmVVJ5OUdnZy1iYnNqUE9PSVZlampRM2hGaFZlQ2t2V3RpaFY0VnhkRHJyNEhqTmVKYUE?oc=5,2026-07-01 04:32:23,The News Mill,"<a href=""https://news.google.com/rss/articles/CBMinwFBVV95cUxNZkdGN0pBcGRuVHBrTUFkQ3J6UWxkck41T21SNWQ1R0ZZazBVQkFWMTNVU2dJTWt5QmtBemZZNmVFRmFaZEt6a3B5SWlfZVBmVVB1TzhoNDFQNVN4M2M1UnZpUzVvNnJKVm9DZ1JmVVJ5OUdnZy1iYnNqUE9PSVZlampRM2hGaFZlQ2t2V3RpaFY0VnhkRHJyNEhqTmVKYUE?oc=5"" target=""_blank"">Flash flood near Jispa blocks highway in Himachal Pradesh</a>&nbsp;&nbsp;<font color=""#6f6f6f"">The News Mill</font>",Monsoon,en
Cloudburst forces closure of Zanskar-Manali Road - Free Press Kashmir,https://news.google.com/rss/articles/CBMimgFBVV95cUxQZmVMVlJ5N0h4NXhQOWllblhPZXZiaXpIb0RGSWhwY0hheWNwMFNFdlU2SFc0dm9OODZiQUl0djhEdGYwbzBfaWpueXdzbWI4YVJ2SkJLZU43UERxRldwLTU5TzhPOG9XU2p0VklzSTNReWd5MEFiNzNRMTB5VFFSTW41bHJySzJuVlFQUTluQlVYTkRtNFdwVWV30gGaAUFVX3lxTFBmZUxWUnk3SHg1eFA5aWVuWE9ldmJpekhvREZJaHBjSGF5Y3AwU0V2VTZIVzR2b044NmJBSXR2OER0ZjBvMF9pam55d3NtYjhhUnZKQktlTjdQRHFGV3AtNTlPOE84b1dTanRWSXNJM1F5Z3kwQWI3M1ExMHlUUVJNbjVscnJLMm5WUVBROW5CVVhORG00V3BVZXc?oc=5,2026-07-01 11:25:31,Free Press Kashmir,"<a href=""https://news.google.com/rss/articles/CBMimgFBVV95cUxQZmVMVlJ5N0h4NXhQOWllblhPZXZiaXpIb0RGSWhwY0hheWNwMFNFdlU2SFc0dm9OODZiQUl0djhEdGYwbzBfaWpueXdzbWI4YVJ2SkJLZU43UERxRldwLTU5TzhPOG9XU2p0VklzSTNReWd5MEFiNzNRMTB5VFFSTW41bHJySzJuVlFQUTluQlVYTkRtNFdwVWV30gGaAUFVX3lxTFBmZUxWUnk3SHg1eFA5aWVuWE9ldmJpekhvREZJaHBjSGF5Y3AwU0V2VTZIVzR2b044NmJBSXR2OER0ZjBvMF9pam55d3NtYjhhUnZKQktlTjdQRHFGV3AtNTlPOE84b1dTanRWSXNJM1F5Z3kwQWI3M1ExMHlUUVJNbjVscnJLMm5WUVBROW5CVVhORG00V3BVZXc?oc=5"" target=""_blank"">Cloudburst forces closure of Zanskar-Manali Road</a>&nbsp;&nbsp;<font color=""#6f6f6f"">Free Press Kashmir</font>",Monsoon,en
Hundreds Stranded On Manali-Leh Highway As Cloudburst Triggers Flash Flood In Himachal Pradesh - ETV Bharat,https://news.google.com/rss/articles/CBMi3AFBVV95cUxQMG1rLTBaVnZsQTNfR2tsUHV2ME1hVFB4akdNeGJtLXBFdkhpWTNXaUgwQktFV1dkaHhWelJmN0xpZmpqejdtbHhOQkF6QTBydWt3YmZsX2d3SXZ0LURVbk1Da2xDclM5Y1c5Y3BnWlRsYTllWDRFRUk2V2pMajFsMkhzUXJnSGlKNl91OUJvYTJNeGNSRGh0UDBRQ1lXbTVjalgzclBPY0g4T3Z2eGlzNVlCTGx4U2FKY3JaSlR5NHBDNU82ZDFEMFJFNVRxekRMXzBsbVA3S0NERy120gHiAUFVX3lxTE5pVVk2emtmdVFSSExYYS1EajFxUjNrY3J6WWpueER4Q1hIVUJncFNqZXIwcVU0a0pkVjd4NFZyOU5Jdm9iSFd0Z1Z3c1E1T2NNeXBmTU9PYlhYWTQ0YnBKMW5ybERkTEtpYnRuNUlmaTNUTjVxbi1acl9LOHc5aGRzYlRvbUplQlB3U0Z2d0pMNkRtUzhrR2ZxZXV4ZkFLTHVtc2JRcUtFRFFfSHF1QnZxS0FpM0FTRlZRSUp3UVhqaEkwc1ZNNXNoWHJySGc4VDB5NFZVczVFTkVtUFMyUlRtcFE?oc=5,2026-07-01 13:54:35,ETV Bharat,"<a href=""https://news.google.com/rss/articles/CBMi3AFBVV95cUxQMG1rLTBaVnZsQTNfR2tsUHV2ME1hVFB4akdNeGJtLXBFdkhpWTNXaUgwQktFV1dkaHhWelJmN0xpZmpqejdtbHhOQkF6QTBydWt3YmZsX2d3SXZ0LURVbk1Da2xDclM5Y1c5Y3BnWlRsYTllWDRFRUk2V2pMajFsMkhzUXJnSGlKNl91OUJvYTJNeGNSRGh0UDBRQ1lXbTVjalgzclBPY0g4T3Z2eGlzNVlCTGx4U2FKY3JaSlR5NHBDNU82ZDFEMFJFNVRxekRMXzBsbVA3S0NERy120gHiAUFVX3lxTE5pVVk2emtmdVFSSExYYS1EajFxUjNrY3J6WWpueER4Q1hIVUJncFNqZXIwcVU0a0pkVjd4NFZyOU5Jdm9iSFd0Z1Z3c1E1T2NNeXBmTU9PYlhYWTQ0YnBKMW5ybERkTEtpYnRuNUlmaTNUTjVxbi1acl9LOHc5aGRzYlRvbUplQlB3U0Z2d0pMNkRtUzhrR2ZxZXV4ZkFLTHVtc2JRcUtFRFFfSHF1QnZxS0FpM0FTRlZRSUp3UVhqaEkwc1ZNNXNoWHJySGc4VDB5NFZVczVFTkVtUFMyUlRtcFE?oc=5"" target=""_blank"">Hundreds Stranded On Manali-Leh Highway As Cloudburst Triggers Flash Flood In Himachal Pradesh</a>&nbsp;&nbsp;<font color=""#6f6f6f"">ETV Bharat</font>",Monsoon,en
"Cloudburst triggers flash flood in Lahaul-Spiti, highway blocked - Asianet Newsable",https://news.google.com/rss/articles/CBMivwFBVV95cUxPa1lkTkZ5N2tKRXJSNjJhSjZ4YmpUUl8yUU1KdmRlS04tUmdITlFLNXg4U2EteGo5V21CaEM4ZHlQazMtcFRrdGdRUzU5WE9UQ2ZuQkpuQUlRWm9ad3JDc2xKRGNITDhISTVfa2NObmM0Z0JsNjJOMWNkSFhhRzI0bF9KcjN5SENoLUJkOS0wYndjWlJia0RuN19jWWtqclNzdHdzbHJXdzlJSmwzcng4RzFYdWNPRHNRRzBZMWFnNNIBxAFBVV95cUxPNlhhT1ZucWYxZ0gxWm5LU3F5RXR2WUdTendWRS1peDU1NjhGbWNjQ1VWRE5MTGVGRXFDcFR6ZkNPMGtvTHVlMGl2S1JEVGJmN1h6QkotUHJQbTZNTDVNR3o2WWhPVUprUE9rTXE0Rmk0YzdUMG1lX1VmMTFBRVg2c3Y3SWZIaHVIME1fUVE3OXRQa3pIOUpTZzlGRC1mc1ZVOXZhVnkzS1ZBMEZ6c1dlT3hFMFpsT1lmMXVKakZhdDc4YjBm?oc=5,2026-07-01 05:00:22,Asianet Newsable,"<a href=""https://news.google.com/rss/articles/CBMivwFBVV95cUxPa1lkTkZ5N2tKRXJSNjJhSjZ4YmpUUl8yUU1KdmRlS04tUmdITlFLNXg4U2EteGo5V21CaEM4ZHlQazMtcFRrdGdRUzU5WE9UQ2ZuQkpuQUlRWm9ad3JDc2xKRGNITDhISTVfa2NObmM0Z0JsNjJOMWNkSFhhRzI0bF9KcjN5SENoLUJkOS0wYndjWlJia0RuN19jWWtqclNzdHdzbHJXdzlJSmwzcng4RzFYdWNPRHNRRzBZMWFnNNIBxAFBVV95cUxPNlhhT1ZucWYxZ0gxWm5LU3F5RXR2WUdTendWRS1peDU1NjhGbWNjQ1VWRE5MTGVGRXFDcFR6ZkNPMGtvTHVlMGl2S1JEVGJmN1h6QkotUHJQbTZNTDVNR3o2WWhPVUprUE9rTXE0Rmk0YzdUMG1lX1VmMTFBRVg2c3Y3SWZIaHVIME1fUVE3OXRQa3pIOUpTZzlGRC1mc1ZVOXZhVnkzS1ZBMEZ6c1dlT3hFMFpsT1lmMXVKakZhdDc4YjBm?oc=5"" target=""_blank"">Cloudburst triggers flash flood in Lahaul-Spiti, highway blocked</a>&nbsp;&nbsp;<font color=""#6f6f6f"">Asianet Newsable</font>",Monsoon,en
"Heavy rain to lash JK, Ladakh from July 2 as monsoon intensifies - Free Press Kashmir",https://news.google.com/rss/articles/CBMirgFBVV95cUxPQno2MjlEOER5dkgzblV3SzF5NUJYYjdMdmQ3S29EbFZpQzVXWnJzYm1RQW5BSFpsNmVJR2JMcTVQQ1hpbFExZHhJZHoxRlF4dVBJemdFN3prNURpcTItZEtIaW05QVNFV0VrYWlPQ29CMjJ0RlJUQjUzTmdJNmZoNHBPRUFqSy1sYzlDQllUVjNVWW5jaVhHVkdWNHdZLTRlWFdmTEtMbEdWV1JJNnfSAa4BQVVfeXFMT0J6NjI5RDhEeXZIM25Vd0sxeTVCWGI3THZkN0tvRGxWaUM1V1pyc2JtUUFuQUhabDZlSUdiTHE1UENYaWxRMWR4SWR6MUZReHVQSXpnRTd6azVEaXEyLWRLSGltOUFTRVdFa2FpT0NvQjIydEZSVEI1M05nSTZmaDRwT0VBakstbGM5Q0JZVFYzVVluY2lYR1ZHVjR3WS00ZVhXZkxLTGxHVldSSTZ3?oc=5,2026-07-01 12:26:00,Free Press Kashmir,"<a href=""https://news.google.com/rss/articles/CBMirgFBVV95cUxPQno2MjlEOER5dkgzblV3SzF5NUJYYjdMdmQ3S29EbFZpQzVXWnJzYm1RQW5BSFpsNmVJR2JMcTVQQ1hpbFExZHhJZHoxRlF4dVBJemdFN3prNURpcTItZEtIaW05QVNFV0VrYWlPQ29CMjJ0RlJUQjUzTmdJNmZoNHBPRUFqSy1sYzlDQllUVjNVWW5jaVhHVkdWNHdZLTRlWFdmTEtMbEdWV1JJNnfSAa4BQVVfeXFMT0J6NjI5RDhEeXZIM25Vd0sxeTVCWGI3THZkN0tvRGxWaUM1V1pyc2JtUUFuQUhabDZlSUdiTHE1UENYaWxRMWR4SWR6MUZReHVQSXpnRTd6azVEaXEyLWRLSGltOUFTRVdFa2FpT0NvQjIydEZSVEI1M05nSTZmaDRwT0VBakstbGM5Q0JZVFYzVVluY2lYR1ZHVjR3WS00ZVhXZkxLTGxHVldSSTZ3?oc=5"" target=""_blank"">Heavy rain to lash JK, Ladakh from July 2 as monsoon intensifies</a>&nbsp;&nbsp;<font color=""#6f6f6f"">Free Press Kashmir</font>",Monsoon,en
Delhi on rain watch as IMD forecasts thunderstorms; intense monsoon spell to sweep across India; what tra - The Times of India,https://news.google.com/rss/articles/CBMitwJBVV95cUxOSTRWN24tNEFMUE5KZF9fMmFKNnYtUVYwSzV6ODl2SHlVeUFSR1EwQ2FrM3RXX0hrTHV6T0dyaGpEZ0gtVmZFb1pIMmVKUy1aMjZvSmxmc0o0OXRtMVJNSERhUVZGMVdnQXplTThGLW1DN3gtRHBVS1BnSzBIQXFsemNZX2dPSGFnUlJ5NUNXUWNLT0g0cGZEMXZFQm4zcUtMbUg0b0Q3cTBWUUhVTnBrMFRxbjlJOWxqWW5vU292S2VEbF9ZYVhQWXhTQlZfWVRoQVFxV1lXd2lseWFpTmFCWDhCeUpQN2hoUlR6Z3c4Mm5sZ1NNUkhKQjJBVUFkSVhOaE9OQ1VRaGhtZXV0d2RNLUFZT3dnbDJVTUNWd1J1UktZVldKNUk2MFhxZWgzbjhURGdfYk9Rd9IBtwJBVV95cUxOSTRWN24tNEFMUE5KZF9fMmFKNnYtUVYwSzV6ODl2SHlVeUFSR1EwQ2FrM3RXX0hrTHV6T0dyaGpEZ0gtVmZFb1pIMmVKUy1aMjZvSmxmc0o0OXRtMVJNSERhUVZGMVdnQXplTThGLW1DN3gtRHBVS1BnSzBIQXFsemNZX2dPSGFnUlJ5NUNXUWNLT0g0cGZEMXZFQm4zcUtMbUg0b0Q3cTBWUUhVTnBrMFRxbjlJOWxqWW5vU292S2VEbF9ZYVhQWXhTQlZfWVRoQVFxV1lXd2lseWFpTmFCWDhCeUpQN2hoUlR6Z3c4Mm5sZ1NNUkhKQjJBVUFkSVhOaE9OQ1VRaGhtZXV0d2RNLUFZT3dnbDJVTUNWd1J1UktZVldKNUk2MFhxZWgzbjhURGdfYk9Rdw?oc=5,2026-07-01 10:42:00,The Times of India,"<a href=""https://news.google.com/rss/articles/CBMitwJBVV95cUxOSTRWN24tNEFMUE5KZF9fMmFKNnYtUVYwSzV6ODl2SHlVeUFSR1EwQ2FrM3RXX0hrTHV6T0dyaGpEZ0gtVmZFb1pIMmVKUy1aMjZvSmxmc0o0OXRtMVJNSERhUVZGMVdnQXplTThGLW1DN3gtRHBVS1BnSzBIQXFsemNZX2dPSGFnUlJ5NUNXUWNLT0g0cGZEMXZFQm4zcUtMbUg0b0Q3cTBWUUhVTnBrMFRxbjlJOWxqWW5vU292S2VEbF9ZYVhQWXhTQlZfWVRoQVFxV1lXd2lseWFpTmFCWDhCeUpQN2hoUlR6Z3c4Mm5sZ1NNUkhKQjJBVUFkSVhOaE9OQ1VRaGhtZXV0d2RNLUFZT3dnbDJVTUNWd1J1UktZVldKNUk2MFhxZWgzbjhURGdfYk9Rd9IBtwJBVV95cUxOSTRWN24tNEFMUE5KZF9fMmFKNnYtUVYwSzV6ODl2SHlVeUFSR1EwQ2FrM3RXX0hrTHV6T0dyaGpEZ0gtVmZFb1pIMmVKUy1aMjZvSmxmc0o0OXRtMVJNSERhUVZGMVdnQXplTThGLW1DN3gtRHBVS1BnSzBIQXFsemNZX2dPSGFnUlJ5NUNXUWNLT0g0cGZEMXZFQm4zcUtMbUg0b0Q3cTBWUUhVTnBrMFRxbjlJOWxqWW5vU292S2VEbF9ZYVhQWXhTQlZfWVRoQVFxV1lXd2lseWFpTmFCWDhCeUpQN2hoUlR6Z3c4Mm5sZ1NNUkhKQjJBVUFkSVhOaE9OQ1VRaGhtZXV0d2RNLUFZT3dnbDJVTUNWd1J1UktZVldKNUk2MFhxZWgzbjhURGdfYk9Rdw?oc=5"" target=""_blank"">Delhi on rain watch as IMD forecasts thunderstorms; intense monsoon spell to sweep across India; what tra</a>&nbsp;&nbsp;<font color=""#6f6f6f"">The Times of India</font>",Monsoon,en
"Weather tomorrow: IMD flags heavy rain in Mumbai, Uttarakhand; monsoon to advance across North India, Jul - The Times of India",https://news.google.com/rss/articles/CBMiqgJBVV95cUxPT0xSMll0bkJfdm1uNlAzbkttUjFBZFZCV25lUDJsX0FTX1VQb0N6QVRaYU1wcmRsRGlQMkx2cG91Nkt3OURUejNRd3VaWUxFODZDc0tlaE1uSThvdWx2M0J6bFgtdlVKV2ZScTNoYkJ4eUZXMThzS3RfcFZqWU1ya0oyQTRsVzhDWkVPeGI1dnd5V0w5T2U1ZnVPY0kzbUh6UmdpUnprdmpobFRCSndiVkpWeHRrMmFUSXZDZWdLNjVIc01OVFdwNmM2Mkl0dVpCVmVCOW1IX3ZxaFVXUFBBV1RCZWNSRXJkWk5xN2xYdlU5ZkF0UU1CbmI5b1dGeVgzVUwxWE5qRXd1Y1NpS1JEOHNQLS0zRnR3MVc4MVhkSHlueWtmbmplSkNn0gGvAkFVX3lxTE02MUpVZFg5YUc3WW1aMHBtWGZUbnZoWElQbnhLSTdSS0FCeDI2SlJ0RVd4ajhzOVM0dnhGcTVfbVhseVBtNkt5by1IUlVhUXo1eWNtRjh5NTNvX3M5VU5pZ21TeFhZMnZoM1pRREpVR1lvZG5kS2xZbHZtZXpWMlZmZE1GcVJDSHRDVTNWUGxsV2lBZzNWaHNBOEpfUFBsaUtMVXZ5ZE11eFBfREdFb3VIYlRVMy1iNU9JLVVJcURhSlItX1RQM0tHUFFuYTltVlZmUV8wdWE1RTNZeHEzbGxkX0lOR2pQWV9PbFh0ZXhuLVU0X3prU0NQazZNb2g4bm5rbG5NM0drS09LZEE5X05yWnVJLWtqMkNPU1p6cmpvdGtDVERxUHdWZnhLeEU2NA?oc=5,2026-07-01 12:13:00,The Times of India,"<a href=""https://news.google.com/rss/articles/CBMiqgJBVV95cUxPT0xSMll0bkJfdm1uNlAzbkttUjFBZFZCV25lUDJsX0FTX1VQb0N6QVRaYU1wcmRsRGlQMkx2cG91Nkt3OURUejNRd3VaWUxFODZDc0tlaE1uSThvdWx2M0J6bFgtdlVKV2ZScTNoYkJ4eUZXMThzS3RfcFZqWU1ya0oyQTRsVzhDWkVPeGI1dnd5V0w5T2U1ZnVPY0kzbUh6UmdpUnprdmpobFRCSndiVkpWeHRrMmFUSXZDZWdLNjVIc01OVFdwNmM2Mkl0dVpCVmVCOW1IX3ZxaFVXUFBBV1RCZWNSRXJkWk5xN2xYdlU5ZkF0UU1CbmI5b1dGeVgzVUwxWE5qRXd1Y1NpS1JEOHNQLS0zRnR3MVc4MVhkSHlueWtmbmplSkNn0gGvAkFVX3lxTE02MUpVZFg5YUc3WW1aMHBtWGZUbnZoWElQbnhLSTdSS0FCeDI2SlJ0RVd4ajhzOVM0dnhGcTVfbVhseVBtNkt5by1IUlVhUXo1eWNtRjh5NTNvX3M5VU5pZ21TeFhZMnZoM1pRREpVR1lvZG5kS2xZbHZtZXpWMlZmZE1GcVJDSHRDVTNWUGxsV2lBZzNWaHNBOEpfUFBsaUtMVXZ5ZE11eFBfREdFb3VIYlRVMy1iNU9JLVVJcURhSlItX1RQM0tHUFFuYTltVlZmUV8wdWE1RTNZeHEzbGxkX0lOR2pQWV9PbFh0ZXhuLVU0X3prU0NQazZNb2g4bm5rbG5NM0drS09LZEE5X05yWnVJLWtqMkNPU1p6cmpvdGtDVERxUHdWZnhLeEU2NA?oc=5"" target=""_blank"">Weather tomorrow: IMD flags heavy rain in Mumbai, Uttarakhand; monsoon to advance across North India, Jul</a>&nbsp;&nbsp;<font color=""#6f6f6f"">The Times of India</font>",Monsoon,en
"Monsoon update: Heavy rains pound Mumbai, cloudbursts cause flash floods in J&K's Doda. When will Delhi get showers? - Mint",https://news.google.com/rss/articles/CBMi_wFBVV95cUxQaTI3ZDRmbm4ybWpoWUgzWXoyaFNqZmxyREhoeDNlbmRNc2xycUk5aUVqSFhHejVXLXdUaWl3SGdUV1hIU05fVjBjNGl6RzliYjljY3dyV2UzUDFGaER2bnhKMlFtdTJSVmdJOTY5U0E4Wm82MlpOUUkyU3lKTS1Uek9hU0VIQzBuRS03dENtV1RKSXk2NW50b0RidXQ4d3lvcWtBUVBGMzIxMF9vQzFGRjZ0MmNNc0JnNzVqTlJHMXNGVlFFWkhWWGRveXpRYzZmcHVNU1hQMVpXc1VtYnk0djA0TGVDZWl1N3JITElENUozaEdKWXJrS0VMNGV0WUHSAYQCQVVfeXFMTTZHUkVsM1d6aV9FWUNwX3p1MzdhaUxqY3l5OWpJeFJlNXdNOUlSdHlkemNYaHRVeXRvbHJQVHRFRzNWYndXME9YSEdMTUFTWXlJVmltdG9DMkpyVkpVYml4SXA5Y0dsTWE0eGstNlVsMFk1Vk1sZy1abGJYTW41dHVGRXRLY3VFZTJCWXR5YXBmdDNLNnJ0cklReDQ5NklHU21zTk53eU1LR1BQV3VBOEpiWFk2ZUxiZC1pTzdhOHhHZjdGY0h0UFh3YlNEZzU5ZzJYZ0ZEeGNBZVMxWGVJa3lndlNHLUdKcGJ0Rmt2c0NYWlA5aEdaTWdFcVpsUXJDeHJWWFU?oc=5,2026-07-01 09:56:13,Mint,"<a href=""https://news.google.com/rss/articles/CBMi_wFBVV95cUxQaTI3ZDRmbm4ybWpoWUgzWXoyaFNqZmxyREhoeDNlbmRNc2xycUk5aUVqSFhHejVXLXdUaWl3SGdUV1hIU05fVjBjNGl6RzliYjljY3dyV2UzUDFGaER2bnhKMlFtdTJSVmdJOTY5U0E4Wm82MlpOUUkyU3lKTS1Uek9hU0VIQzBuRS03dENtV1RKSXk2NW50b0RidXQ4d3lvcWtBUVBGMzIxMF9vQzFGRjZ0MmNNc0JnNzVqTlJHMXNGVlFFWkhWWGRveXpRYzZmcHVNU1hQMVpXc1VtYnk0djA0TGVDZWl1N3JITElENUozaEdKWXJrS0VMNGV0WUHSAYQCQVVfeXFMTTZHUkVsM1d6aV9FWUNwX3p1MzdhaUxqY3l5OWpJeFJlNXdNOUlSdHlkemNYaHRVeXRvbHJQVHRFRzNWYndXME9YSEdMTUFTWXlJVmltdG9DMkpyVkpVYml4SXA5Y0dsTWE0eGstNlVsMFk1Vk1sZy1abGJYTW41dHVGRXRLY3VFZTJCWXR5YXBmdDNLNnJ0cklReDQ5NklHU21zTk53eU1LR1BQV3VBOEpiWFk2ZUxiZC1pTzdhOHhHZjdGY0h0UFh3YlNEZzU5ZzJYZ0ZEeGNBZVMxWGVJa3lndlNHLUdKcGJ0Rmt2c0NYWlA5aEdaTWdFcVpsUXJDeHJWWFU?oc=5"" target=""_blank"">Monsoon update: Heavy rains pound Mumbai, cloudbursts cause flash floods in J&amp;K's Doda. When will Delhi get showers?</a>&nbsp;&nbsp;<font color=""#6f6f6f"">Mint</font>",Monsoon,en
8 killed by lightning in MP and Bihar: Uttarakhand halts rafting; IMD predicts below-normal rainfall in July - Bhaskar English,https://news.google.com/rss/articles/CBMixAFBVV95cUxNX2RuQVV1cUhFSWNJQ2lQRHZhRW5wN0ZfZ3lpbVEwNU5rTzdpeEJLTWdpYmJIREc0cnlkbmkxS29JZUpTaXFxWTJ4MGlkQ2FCZDg5YnlJRjNpZjdJczlDbHkyelBiMjFpZjFDaU0td0hpU2dRU1A0XzJiaEpDcUJWLTMyZ3JxQk1OQm5HX1ByVkRmNm5vYXpPYzl5WlEydWhqd0tWWTU2WUZpOXd2WDRYQXVkSFBZa19CUU9WYXl6WHBIc25D0gHKAUFVX3lxTE9ZYW04emhhYmRzV0c3akxhQXpFUXFvRnVpeGxyOTJYaDVFZWVBblJhZ01wUHMwLVZ0UmlJS0xYcDZnWFhwUWlfUHRiRWwxZEdrSWpQQmhkcVVrd2VfY0F4bjQzYlhJUm1CbHBDS05sb3hZX2tPdGdVZGZzdlltbEF3V3dDT0RuM2FJd2wtbGtpVlF4cmRIZnl4WHFZZG9aY3MwdUhrVFNvRVR5Q0lCaUZEamMxekQwVFMzVEJITGFQSVpFT2ZzYjY4aGc?oc=5,2026-07-01 07:45:41,Bhaskar English,"<a href=""https://news.google.com/rss/articles/CBMixAFBVV95cUxNX2RuQVV1cUhFSWNJQ2lQRHZhRW5wN0ZfZ3lpbVEwNU5rTzdpeEJLTWdpYmJIREc0cnlkbmkxS29JZUpTaXFxWTJ4MGlkQ2FCZDg5YnlJRjNpZjdJczlDbHkyelBiMjFpZjFDaU0td0hpU2dRU1A0XzJiaEpDcUJWLTMyZ3JxQk1OQm5HX1ByVkRmNm5vYXpPYzl5WlEydWhqd0tWWTU2WUZpOXd2WDRYQXVkSFBZa19CUU9WYXl6WHBIc25D0gHKAUFVX3lxTE9ZYW04emhhYmRzV0c3akxhQXpFUXFvRnVpeGxyOTJYaDVFZWVBblJhZ01wUHMwLVZ0UmlJS0xYcDZnWFhwUWlfUHRiRWwxZEdrSWpQQmhkcVVrd2VfY0F4bjQzYlhJUm1CbHBDS05sb3hZX2tPdGdVZGZzdlltbEF3V3dDT0RuM2FJd2wtbGtpVlF4cmRIZnl4WHFZZG9aY3MwdUhrVFNvRVR5Q0lCaUZEamMxekQwVFMzVEJITGFQSVpFT2ZzYjY4aGc?oc=5"" target=""_blank"">8 killed by lightning in MP and Bihar: Uttarakhand halts rafting; IMD predicts below-normal rainfall in July</a>&nbsp;&nbsp;<font color=""#6f6f6f"">Bhaskar English</font>",Monsoon,en
"IMD Weather Update: Yellow alert in Delhi-NCR as monsoon advances; thunderstorms alert in UP, Bihar, Rajas - The Economic Times",https://news.google.com/rss/articles/CBMinwJBVV95cUxPOXY0bXBWbU9LYkZTNHlocnJ2SlNxRjBxQjhRQjBZRUhXOS1nTFYyM3JlNm5hb2I1Q1N5UC1Cb3o1dW5ZXzB3MnZ2RndGcUh1X3AyTFRNdnpxMzZiazluRGlDby1sWEpQZzNnbDdrYjgxYUFXRXZ3SE9ZSURabGxYbHQwRjlnT1YzSmdEU1dTRGdyckJwWDVhM3dvUzk3U25BdjVfdGxwc0Q2X2NTU2NYVDJ2Rk9rcmNZcGhFeE9UMkFQQ3ZHRWM4TWhkQy1XUTg4bWJZT2VBSWtqMV9zSEIxaWF6RUlUVkNROGV0Ylcwekw4YlJtbGxuWGFJb29vNUxIUUVKQ0J4OXRCMjZrUjd4ZTVHclpWODUwajVCQVBQMNIBpAJBVV95cUxQNzl5RlQtNzh2Ty0yeUVsVXZfbVltSnJpbm5fVDQtclVRcjFiYy1LRi1WdzNzSkxjY0N2RXpVZDNYNE93NXMzWUxsSU5uajhmZmVZN2JSU1hIaVRJYUFETnp5US1MVnJiMU5ETmgwNVFETUIzaWRfYXFXd3Jzd3NnekRBVkQ5VkRXSG9vc2x6SGNjbUE0YjVUeHNWelNLRjBEYlEyLUhMcDlGT0tDYV9RNVlTTm9CR210Yk5hSjJEbzd3WTFwblFjY0d0SkI2Vkc1TV9vM0JKOEtoTGkzT0RUeTBwRVYzVzlveU9yTm5GZDVUQWNqcVpLVHBQM2k4SDAxQ2k1YXp5d3Foa21ZbklJYUkxZllCbUN5NWlIOENzUjNkZElU?oc=5,2026-07-01 07:29:34,The Economic Times,"<a href=""https://news.google.com/rss/articles/CBMinwJBVV95cUxPOXY0bXBWbU9LYkZTNHlocnJ2SlNxRjBxQjhRQjBZRUhXOS1nTFYyM3JlNm5hb2I1Q1N5UC1Cb3o1dW5ZXzB3MnZ2RndGcUh1X3AyTFRNdnpxMzZiazluRGlDby1sWEpQZzNnbDdrYjgxYUFXRXZ3SE9ZSURabGxYbHQwRjlnT1YzSmdEU1dTRGdyckJwWDVhM3dvUzk3U25BdjVfdGxwc0Q2X2NTU2NYVDJ2Rk9rcmNZcGhFeE9UMkFQQ3ZHRWM4TWhkQy1XUTg4bWJZT2VBSWtqMV9zSEIxaWF6RUlUVkNROGV0Ylcwekw4YlJtbGxuWGFJb29vNUxIUUVKQ0J4OXRCMjZrUjd4ZTVHclpWODUwajVCQVBQMNIBpAJBVV95cUxQNzl5RlQtNzh2Ty0yeUVsVXZfbVltSnJpbm5fVDQtclVRcjFiYy1LRi1WdzNzSkxjY0N2RXpVZDNYNE93NXMzWUxsSU5uajhmZmVZN2JSU1hIaVRJYUFETnp5US1MVnJiMU5ETmgwNVFETUIzaWRfYXFXd3Jzd3NnekRBVkQ5VkRXSG9vc2x6SGNjbUE0YjVUeHNWelNLRjBEYlEyLUhMcDlGT0tDYV9RNVlTTm9CR210Yk5hSjJEbzd3WTFwblFjY0d0SkI2Vkc1TV9vM0JKOEtoTGkzT0RUeTBwRVYzVzlveU9yTm5GZDVUQWNqcVpLVHBQM2k4SDAxQ2k1YXp5d3Foa21ZbklJYUkxZllCbUN5NWlIOENzUjNkZElU?oc=5"" target=""_blank"">IMD Weather Update: Yellow alert in Delhi-NCR as monsoon advances; thunderstorms alert in UP, Bihar, Rajas</a>&nbsp;&nbsp;<font color=""#6f6f6f"">The Economic Times</font>",Monsoon,en
Himachal braces for heavy rainfall as monsoon arrives | Hindustan Times - Hindustan Times,https://news.google.com/rss/articles/CBMizAFBVV95cUxNTWhEemJVVXhMY2tqdWZvYlZKY0ZmQzZYZG5nTHFfbE81YTFsaVI2TF8zeVhHc1JCd3oyOTZzeDlqc1ZiTEFuekhDZVdUdHRwdGxFNjFEOC05RUNGbjZYbG9mSDlPazd3QU5HLTR6NE9VNXdYaWYwWVdZMXlQVUVFOXBMbzVNM2pOaUV4aDR3Si1aTUJZWmpleV9CXzVuTDNua2Y2QmRtMDJlWXo4cjVlWVMwZ09hR1lDbjl1R0x1MFRkMzFKWkg1MmkxN3TSAcwBQVVfeXFMTU1oRHpiVVV4TGNranVmb2JWSmNGZkM2WGRuZ0xxX2xPNWExbGlSNkxfM3lYR3NSQnd6Mjk2c3g5anNWYkxBbnpIQ2VXVHR0cHRsRTYxRDgtOUVDRm42WGxvZkg5T2s3d0FORy00ejRPVTV3WGlmMFlXWTF5UFVFRTlwTG81TTNqTmlFeGg0d0otWk1CWVpqZXlfQl81bkwzbmtmNkJkbTAyZVl6OHI1ZVlTMGdPYUdZQ245dUdMdTBUZDMxSlpINTJpMTd0?oc=5,2026-07-01 05:12:15,Hindustan Times,"<a href=""https://news.google.com/rss/articles/CBMizAFBVV95cUxNTWhEemJVVXhMY2tqdWZvYlZKY0ZmQzZYZG5nTHFfbE81YTFsaVI2TF8zeVhHc1JCd3oyOTZzeDlqc1ZiTEFuekhDZVdUdHRwdGxFNjFEOC05RUNGbjZYbG9mSDlPazd3QU5HLTR6NE9VNXdYaWYwWVdZMXlQVUVFOXBMbzVNM2pOaUV4aDR3Si1aTUJZWmpleV9CXzVuTDNua2Y2QmRtMDJlWXo4cjVlWVMwZ09hR1lDbjl1R0x1MFRkMzFKWkg1MmkxN3TSAcwBQVVfeXFMTU1oRHpiVVV4TGNranVmb2JWSmNGZkM2WGRuZ0xxX2xPNWExbGlSNkxfM3lYR3NSQnd6Mjk2c3g5anNWYkxBbnpIQ2VXVHR0cHRsRTYxRDgtOUVDRm42WGxvZkg5T2s3d0FORy00ejRPVTV3WGlmMFlXWTF5UFVFRTlwTG81TTNqTmlFeGg0d0otWk1CWVpqZXlfQl81bkwzbmtmNkJkbTAyZVl6OHI1ZVlTMGdPYUdZQ245dUdMdTBUZDMxSlpINTJpMTd0?oc=5"" target=""_blank"">Himachal braces for heavy rainfall as monsoon arrives | Hindustan Times</a>&nbsp;&nbsp;<font color=""#6f6f6f"">Hindustan Times</font>",Monsoon,en
"Weather news today, July 1: 60 km wind, heavy rain, thunderstorm and...; Delhi, Noida, Gurugram, UP, Bihar, Rajasthan, Kerala, Maharashtra to...., Check IMD full forecast here - news24online.com",https://news.google.com/rss/articles/CBMi0gJBVV95cUxQQS1RbGVjd3BNSnpVdWN5U0ozcS1LLTVVU2RXQTI5aEF6SWY3ZUFZQm04ZklueWtVYkZDNl9pWGhyXzFvSWtHbTRMZDlvbm9fbjlKX0RUaUVQX2xlTUs1V2xwNkJYNW90UWIwd05LcEYxSS01RDlzNl9LeG5ZSjVVY3JNMk0xX1REenJGSWlJZFpYZUlXN19DQ3hlbWlSQjBwTHhDWFFfR1BPWVU1enNqeHZ1b2Q1VkM5aUwxOWpod1kxeUF6YjZHZ2QwcDFDck5WaWt5QldmY1dHMFF4cnBJVXR5MUkzVVM0XzJabVpsd2U2YnBkWUxWN00zUVJrVndrazk5dVVLelkxX0FldTJKR2JCZ3JBdnhXMXNZRXdRdDBockMxcDZqcWJTZVRjY1IybWhBcm9mODFyVUFmMmxMZWlxb3dySUxsV1VENnl0YkRYdw?oc=5,2026-07-01 07:28:47,news24online.com,"<a href=""https://news.google.com/rss/articles/CBMi0gJBVV95cUxQQS1RbGVjd3BNSnpVdWN5U0ozcS1LLTVVU2RXQTI5aEF6SWY3ZUFZQm04ZklueWtVYkZDNl9pWGhyXzFvSWtHbTRMZDlvbm9fbjlKX0RUaUVQX2xlTUs1V2xwNkJYNW90UWIwd05LcEYxSS01RDlzNl9LeG5ZSjVVY3JNMk0xX1REenJGSWlJZFpYZUlXN19DQ3hlbWlSQjBwTHhDWFFfR1BPWVU1enNqeHZ1b2Q1VkM5aUwxOWpod1kxeUF6YjZHZ2QwcDFDck5WaWt5QldmY1dHMFF4cnBJVXR5MUkzVVM0XzJabVpsd2U2YnBkWUxWN00zUVJrVndrazk5dVVLelkxX0FldTJKR2JCZ3JBdnhXMXNZRXdRdDBockMxcDZqcWJTZVRjY1IybWhBcm9mODFyVUFmMmxMZWlxb3dySUxsV1VENnl0YkRYdw?oc=5"" target=""_blank"">Weather news today, July 1: 60 km wind, heavy rain, thunderstorm and...; Delhi, Noida, Gurugram, UP, Bihar, Rajasthan, Kerala, Maharashtra to...., Check IMD full forecast here</a>&nbsp;&nbsp;<font color=""#6f6f6f"">news24online.com</font>",Monsoon,en
Flash flood near Jispa brings traffic to a standstill; police suspend movement towards affected stretch - ANI News,https://news.google.com/rss/articles/CBMi-gFBVV95cUxOdzVjb1VYZmE2Y3hweVFuVFJxZGZ6OUhCS1I1SnhYX2VXR0dNSU90R080MmR2OGowOGI1VnM2dTJzUjBNbnVhU0pWZ2tsQVc3T01LSFBydnZ0ZUhTQ0ppTVFsS3doS2o3T0Ryd1ZCNzV1V0Fib0t4bFpwazlTQUVVTGp4ZHhHV1Npa1hCcEFnbTRiV1dKalVta1RhZ2lqWmRFRFhFMTBFZ0dSVTJFX0h5VzA4OHVOdnNneTlfM2RFM01hN1lnUnBjb2UzZDBGYnBjTW10eGZIZU85bVl3dTA0dnFnc25sNlp5YldUdGc4dW9mVlJpT3AtR2Nn?oc=5,2026-07-01 04:28:00,ANI News,"<a href=""https://news.google.com/rss/articles/CBMi-gFBVV95cUxOdzVjb1VYZmE2Y3hweVFuVFJxZGZ6OUhCS1I1SnhYX2VXR0dNSU90R080MmR2OGowOGI1VnM2dTJzUjBNbnVhU0pWZ2tsQVc3T01LSFBydnZ0ZUhTQ0ppTVFsS3doS2o3T0Ryd1ZCNzV1V0Fib0t4bFpwazlTQUVVTGp4ZHhHV1Npa1hCcEFnbTRiV1dKalVta1RhZ2lqWmRFRFhFMTBFZ0dSVTJFX0h5VzA4OHVOdnNneTlfM2RFM01hN1lnUnBjb2UzZDBGYnBjTW10eGZIZU85bVl3dTA0dnFnc25sNlp5YldUdGc4dW9mVlJpT3AtR2Nn?oc=5"" target=""_blank"">Flash flood near Jispa brings traffic to a standstill; police suspend movement towards affected stretch</a>&nbsp;&nbsp;<font color=""#6f6f6f"">ANI News</font>",Monsoon,en
"Manali-Leh highway reopens after flash flood rescue at Jispa; BRO evacuates 1,000 vehicles - The Tribune",https://news.google.com/rss/articles/CBMi2gFBVV95cUxQcmtEYVRlUVdKV3J4TVNveUo5UmoxM3Y1aUpqLWdFMDJjZXZWZEdsNFB6SU9kVTVTTDktSTNfRnEybXFXVnFTZW1HNlNlRDhZeV84V1R0V0ZDRWdPRVdlWktOOXg2SEd5eUJOTVdicHhld0NhX1FHR0xXZ2FBbW4yVkpQN1ZiZmNUWDZaTjhaQkx5bWZQYXQzeW43eHZlTXZ0b1pMSHpIR2tsVERDWTlLZnBOMFJHbFI1VFZmU0tzNGRrRmEzeTFBNmVHZURqdEs3WnhrcHV1VzVFQdIB3gFBVV95cUxNNFR1WDBwNnpkblUxcXgyT3VpeG9nRGpoeFo1VDhQcXJ4RHZWT3N1elhyNWxyM2FtN1RkRlBaNzh6czZVX1F6MHMweVBWWE5XMVVYLTJCZTRORVpnamhEVjJwQ3hiOEFMVFFOTXR5ZVFJYi1rMDB6SUN1dG1PRDZ3ZGRhS3RrQzZBU21VU0V6VTd5RXA0dE1PLWtVbUpOY3cxS2stZXdRQ0VtdlNkdGhDZldqc1FOWmVjU1ZQRHU5Z0stTXFMVkVlVTRxaTNmdnlITkVOSW5EQzN3SElfbXc?oc=5,2026-07-01 11:43:14,The Tribune,"<a href=""https://news.google.com/rss/articles/CBMi2gFBVV95cUxQcmtEYVRlUVdKV3J4TVNveUo5UmoxM3Y1aUpqLWdFMDJjZXZWZEdsNFB6SU9kVTVTTDktSTNfRnEybXFXVnFTZW1HNlNlRDhZeV84V1R0V0ZDRWdPRVdlWktOOXg2SEd5eUJOTVdicHhld0NhX1FHR0xXZ2FBbW4yVkpQN1ZiZmNUWDZaTjhaQkx5bWZQYXQzeW43eHZlTXZ0b1pMSHpIR2tsVERDWTlLZnBOMFJHbFI1VFZmU0tzNGRrRmEzeTFBNmVHZURqdEs3WnhrcHV1VzVFQdIB3gFBVV95cUxNNFR1WDBwNnpkblUxcXgyT3VpeG9nRGpoeFo1VDhQcXJ4RHZWT3N1elhyNWxyM2FtN1RkRlBaNzh6czZVX1F6MHMweVBWWE5XMVVYLTJCZTRORVpnamhEVjJwQ3hiOEFMVFFOTXR5ZVFJYi1rMDB6SUN1dG1PRDZ3ZGRhS3RrQzZBU21VU0V6VTd5RXA0dE1PLWtVbUpOY3cxS2stZXdRQ0VtdlNkdGhDZldqc1FOWmVjU1ZQRHU5Z0stTXFMVkVlVTRxaTNmdnlITkVOSW5EQzN3SElfbXc?oc=5"" target=""_blank"">Manali-Leh highway reopens after flash flood rescue at Jispa; BRO evacuates 1,000 vehicles</a>&nbsp;&nbsp;<font color=""#6f6f6f"">The Tribune</font>",Monsoon,en
India News | Flash Flood Near Jispa Brings Traffic to a Standstill; Police Suspend Movement Towards Affected Stretch - LatestLY,https://news.google.com/rss/articles/CBMi-wFBVV95cUxNWjlSNkJVV20tdlFoMkxfRXRURlQ0Nk1LRjh5d3d6YmZsRTRJbGRZSlVhcHM0cGxIZ3RmWmZlckpCUHp2WU1rbEFOaFRCbmdBbjJnaFVwTnN4WFNVVjF5WnZqQ3RLRnYwcEx0RWtrSDRiTFJoX0FHSkNOVE9Kdl9VSHBDdHBCb2Q2aEF2V1ZBSExlS29wQXZETlB3Tl9mcjc5Q3pTVjlGamh6alk4X1dqTWJmLVN5QndHVFlucHFrVFR2QTc1MExsd3BUMTRMSnVoSFJDbm4zcjU2bm1WT1dwQnhXVzVHS0J2cHprbTBCd3djSDF6YWJGOEUxRQ?oc=5,2026-07-01 06:38:24,LatestLY,"<a href=""https://news.google.com/rss/articles/CBMi-wFBVV95cUxNWjlSNkJVV20tdlFoMkxfRXRURlQ0Nk1LRjh5d3d6YmZsRTRJbGRZSlVhcHM0cGxIZ3RmWmZlckpCUHp2WU1rbEFOaFRCbmdBbjJnaFVwTnN4WFNVVjF5WnZqQ3RLRnYwcEx0RWtrSDRiTFJoX0FHSkNOVE9Kdl9VSHBDdHBCb2Q2aEF2V1ZBSExlS29wQXZETlB3Tl9mcjc5Q3pTVjlGamh6alk4X1dqTWJmLVN5QndHVFlucHFrVFR2QTc1MExsd3BUMTRMSnVoSFJDbm4zcjU2bm1WT1dwQnhXVzVHS0J2cHprbTBCd3djSDF6YWJGOEUxRQ?oc=5"" target=""_blank"">India News | Flash Flood Near Jispa Brings Traffic to a Standstill; Police Suspend Movement Towards Affected Stretch</a>&nbsp;&nbsp;<font color=""#6f6f6f"">LatestLY</font>",Monsoon,en
Heavy rainfall on cards as monsoon arrives in Himachal - PressReader,https://news.google.com/rss/articles/CBMijgFBVV95cUxOWHAtc21wMEdmWjh1b2FhcUNHTlF6VnNfcDFMTTFLaUh5SXAtWnRWSjUtT0RvTktoeVg4TFVtNHNzMTc2aWZBZlZ3UlZCRDZnbGlBb2dVRVl0WjJWVW9Qd1lXSUM4QWxhZHFfZDNtSVpkUkIwczVVeWNYR0dBSVY0cm5lbHpyQ3VmZnpvNm9n?oc=5,2026-07-01 04:04:01,PressReader,"<a href=""https://news.google.com/rss/articles/CBMijgFBVV95cUxOWHAtc21wMEdmWjh1b2FhcUNHTlF6VnNfcDFMTTFLaUh5SXAtWnRWSjUtT0RvTktoeVg4TFVtNHNzMTc2aWZBZlZ3UlZCRDZnbGlBb2dVRVl0WjJWVW9Qd1lXSUM4QWxhZHFfZDNtSVpkUkIwczVVeWNYR0dBSVY0cm5lbHpyQ3VmZnpvNm9n?oc=5"" target=""_blank"">Heavy rainfall on cards as monsoon arrives in Himachal</a>&nbsp;&nbsp;<font color=""#6f6f6f"">PressReader</font>",Monsoon,en
"IMD Weather Update: Yellow alert in Delhi-NCR as monsoon advances; thunderstorms alert in UP, Bihar, Rajas - The Economic Times",https://news.google.com/rss/articles/CBMipAJBVV95cUxQNzl5RlQtNzh2Ty0yeUVsVXZfbVltSnJpbm5fVDQtclVRcjFiYy1LRi1WdzNzSkxjY0N2RXpVZDNYNE93NXMzWUxsSU5uajhmZmVZN2JSU1hIaVRJYUFETnp5US1MVnJiMU5ETmgwNVFETUIzaWRfYXFXd3Jzd3NnekRBVkQ5VkRXSG9vc2x6SGNjbUE0YjVUeHNWelNLRjBEYlEyLUhMcDlGT0tDYV9RNVlTTm9CR210Yk5hSjJEbzd3WTFwblFjY0d0SkI2Vkc1TV9vM0JKOEtoTGkzT0RUeTBwRVYzVzlveU9yTm5GZDVUQWNqcVpLVHBQM2k4SDAxQ2k1YXp5d3Foa21ZbklJYUkxZllCbUN5NWlIOENzUjNkZElU0gGkAkFVX3lxTFA3OXlGVC03OHZPLTJ5RWxVdl9tWW1Kcmlubl9UNC1yVVFyMWJjLUtGLVZ3M3NKTGNjQ3ZFelVkM1g0T3c1czNZTGxJTm5qOGZmZVk3YlJTWEhpVElhQUROenlRLUxWcmIxTkROaDA1UURNQjNpZF9hcVd3cnN3c2d6REFWRDlWRFdIb29zbHpIY2NtQTRiNVR4c1Z6U0tGMERiUTItSExwOUZPS0NhX1E1WVNOb0JHbXRiTmFKMkRvN3dZMXBuUWNjR3RKQjZWRzVNX28zQko4S2hMaTNPRFR5MHBFVjNXOW95T3JObkZkNVRBY2pxWktUcFAzaThIMDFDaTVhenl3cWhrbVluSUlhSTFmWUJtQ3k1aUg4Q3NSM2RkSVQ?oc=5,2026-07-01 07:29:00,The Economic Times,"<a href=""https://news.google.com/rss/articles/CBMipAJBVV95cUxQNzl5RlQtNzh2Ty0yeUVsVXZfbVltSnJpbm5fVDQtclVRcjFiYy1LRi1WdzNzSkxjY0N2RXpVZDNYNE93NXMzWUxsSU5uajhmZmVZN2JSU1hIaVRJYUFETnp5US1MVnJiMU5ETmgwNVFETUIzaWRfYXFXd3Jzd3NnekRBVkQ5VkRXSG9vc2x6SGNjbUE0YjVUeHNWelNLRjBEYlEyLUhMcDlGT0tDYV9RNVlTTm9CR210Yk5hSjJEbzd3WTFwblFjY0d0SkI2Vkc1TV9vM0JKOEtoTGkzT0RUeTBwRVYzVzlveU9yTm5GZDVUQWNqcVpLVHBQM2k4SDAxQ2k1YXp5d3Foa21ZbklJYUkxZllCbUN5NWlIOENzUjNkZElU0gGkAkFVX3lxTFA3OXlGVC03OHZPLTJ5RWxVdl9tWW1Kcmlubl9UNC1yVVFyMWJjLUtGLVZ3M3NKTGNjQ3ZFelVkM1g0T3c1czNZTGxJTm5qOGZmZVk3YlJTWEhpVElhQUROenlRLUxWcmIxTkROaDA1UURNQjNpZF9hcVd3cnN3c2d6REFWRDlWRFdIb29zbHpIY2NtQTRiNVR4c1Z6U0tGMERiUTItSExwOUZPS0NhX1E1WVNOb0JHbXRiTmFKMkRvN3dZMXBuUWNjR3RKQjZWRzVNX28zQko4S2hMaTNPRFR5MHBFVjNXOW95T3JObkZkNVRBY2pxWktUcFAzaThIMDFDaTVhenl3cWhrbVluSUlhSTFmWUJtQ3k1aUg4Q3NSM2RkSVQ?oc=5"" target=""_blank"">IMD Weather Update: Yellow alert in Delhi-NCR as monsoon advances; thunderstorms alert in UP, Bihar, Rajas</a>&nbsp;&nbsp;<font color=""#6f6f6f"">The Economic Times</font>",Monsoon,en
BRO restores Manali–Leh highway after flash flood at Jispa in Lahaul-Spiti; 1000 vehicles evacuated - The Tribune,https://news.google.com/rss/articles/CBMi3gFBVV95cUxNNFR1WDBwNnpkblUxcXgyT3VpeG9nRGpoeFo1VDhQcXJ4RHZWT3N1elhyNWxyM2FtN1RkRlBaNzh6czZVX1F6MHMweVBWWE5XMVVYLTJCZTRORVpnamhEVjJwQ3hiOEFMVFFOTXR5ZVFJYi1rMDB6SUN1dG1PRDZ3ZGRhS3RrQzZBU21VU0V6VTd5RXA0dE1PLWtVbUpOY3cxS2stZXdRQ0VtdlNkdGhDZldqc1FOWmVjU1ZQRHU5Z0stTXFMVkVlVTRxaTNmdnlITkVOSW5EQzN3SElfbXfSAd4BQVVfeXFMTTRUdVgwcDZ6ZG5VMXF4Mk91aXhvZ0RqaHhaNVQ4UHFyeER2Vk9zdXpYcjVscjNhbTdUZEZQWjc4enM2VV9RejBzMHlQVlhOVzFVWC0yQmU0TkVaZ2poRFYycEN4YjhBTFRRTk10eWVRSWItazAweklDdXRtT0Q2d2RkYUt0a0M2QVNtVVNFelU3eUVwNHRNTy1rVW1KTmN3MUtrLWV3UUNFbXZTZHRoQ2ZXanNRTlplY1NWUER1OWdLLU1xTFZFZVU0cWkzZnZ5SE5FTkluREMzd0hJX213?oc=5,2026-07-01 11:45:53,The Tribune,"<a href=""https://news.google.com/rss/articles/CBMi3gFBVV95cUxNNFR1WDBwNnpkblUxcXgyT3VpeG9nRGpoeFo1VDhQcXJ4RHZWT3N1elhyNWxyM2FtN1RkRlBaNzh6czZVX1F6MHMweVBWWE5XMVVYLTJCZTRORVpnamhEVjJwQ3hiOEFMVFFOTXR5ZVFJYi1rMDB6SUN1dG1PRDZ3ZGRhS3RrQzZBU21VU0V6VTd5RXA0dE1PLWtVbUpOY3cxS2stZXdRQ0VtdlNkdGhDZldqc1FOWmVjU1ZQRHU5Z0stTXFMVkVlVTRxaTNmdnlITkVOSW5EQzN3SElfbXfSAd4BQVVfeXFMTTRUdVgwcDZ6ZG5VMXF4Mk91aXhvZ0RqaHhaNVQ4UHFyeER2Vk9zdXpYcjVscjNhbTdUZEZQWjc4enM2VV9RejBzMHlQVlhOVzFVWC0yQmU0TkVaZ2poRFYycEN4YjhBTFRRTk10eWVRSWItazAweklDdXRtT0Q2d2RkYUt0a0M2QVNtVVNFelU3eUVwNHRNTy1rVW1KTmN3MUtrLWV3UUNFbXZTZHRoQ2ZXanNRTlplY1NWUER1OWdLLU1xTFZFZVU0cWkzZnZ5SE5FTkluREMzd0hJX213?oc=5"" target=""_blank"">BRO restores Manali–Leh highway after flash flood at Jispa in Lahaul-Spiti; 1000 vehicles evacuated</a>&nbsp;&nbsp;<font color=""#6f6f6f"">The Tribune</font>",Monsoon,en
"India News | Southwest Monsoon Covers Entire Himachal Pradesh, Reaches State 6 Days After Normal Onset - LatestLY",https://news.google.com/rss/articles/CBMi4wFBVV95cUxQWWstM3Bzb01BVUxZdkJpMkdGZ0lvME5iVXZJaWZPa0FxdHVubWtqdzRzZUkxb3YyRWNYVTRRZXk1U0U0a0JjVl9yMDlHR3hGSkJDcDBUblZWYk5idXhZcGwta3RKbkthT0JwRVB1dWpDckdrMGw3bkRsV2RjdmZmR1NOMlNBbXViUnN3b0t6blZzdGxUX2RkZWFYMWg2Y3lnTHdfNUhvWGNFUjluano5dDdacTRrTXpNd0o4Z1g1aWhkOEFQdXEwckowVWtJMDJqMDZPWE5YNVI2SmlvcVl1TEFSVQ?oc=5,2026-07-01 13:26:25,LatestLY,"<a href=""https://news.google.com/rss/articles/CBMi4wFBVV95cUxQWWstM3Bzb01BVUxZdkJpMkdGZ0lvME5iVXZJaWZPa0FxdHVubWtqdzRzZUkxb3YyRWNYVTRRZXk1U0U0a0JjVl9yMDlHR3hGSkJDcDBUblZWYk5idXhZcGwta3RKbkthT0JwRVB1dWpDckdrMGw3bkRsV2RjdmZmR1NOMlNBbXViUnN3b0t6blZzdGxUX2RkZWFYMWg2Y3lnTHdfNUhvWGNFUjluano5dDdacTRrTXpNd0o4Z1g1aWhkOEFQdXEwckowVWtJMDJqMDZPWE5YNVI2SmlvcVl1TEFSVQ?oc=5"" target=""_blank"">India News | Southwest Monsoon Covers Entire Himachal Pradesh, Reaches State 6 Days After Normal Onset</a>&nbsp;&nbsp;<font color=""#6f6f6f"">LatestLY</font>",Monsoon,en
Flash flood near Jispa brings traffic to a standstill; police suspend movement towards affected stretch - lokmattimes.com,https://news.google.com/rss/articles/CBMi1wFBVV95cUxOLVBUQ2VCRFdMMFJvdVpSVU5yelV5S2lMYlhQbGJsOTI1SEYzZkdjcWVmQmw5dlo1Wk1ZajloZHhGLUwyZlFBUGFGRUt3U0MtSzFGb0t5NXBoMTdaWkl4RmxKTHdjSm5NSWc3amxualFjTFRmZ0lVM0RyQi1lM1JabGxreWItTXF0NGFvWDE2VHR3dEVBTDZ6ODNkZXROdGRJWnlRYXhoMHNWSjVkanMzd3pDRlZNWjNnWmV2b0RuVlAtemdhNVJja0RKUmEtYUJHTm1lLWFUQdIB3AFBVV95cUxQaWEwX0licFFXSmpFRjJJYmpTSjVGd0VUcU13ZTdxVlBUUmVITDFQRklKSUZfSzNHX0dFSFRTeFhXWTEzLTNqa3M3RzROVjRrREZDSldScGpCVzhzMk1ZLWlLanJtNDBVU1AzdTJqTDlCNU5MSXRRQzE3YkE3dlIxUHZBVlJXUnY2SGZzVGJaTnhHOXBLc2J5UWF3MDZqVzA5cG1Hd0xqc1ducnZmTFR3Q0dUcVQ3VVAtZk55Zm93Tzh4eGpzbVNEM1lsUlZzODZ6aTVaWDFVYms5a1ZS?oc=5,2026-07-01 04:33:42,lokmattimes.com,"<a href=""https://news.google.com/rss/articles/CBMi1wFBVV95cUxOLVBUQ2VCRFdMMFJvdVpSVU5yelV5S2lMYlhQbGJsOTI1SEYzZkdjcWVmQmw5dlo1Wk1ZajloZHhGLUwyZlFBUGFGRUt3U0MtSzFGb0t5NXBoMTdaWkl4RmxKTHdjSm5NSWc3amxualFjTFRmZ0lVM0RyQi1lM1JabGxreWItTXF0NGFvWDE2VHR3dEVBTDZ6ODNkZXROdGRJWnlRYXhoMHNWSjVkanMzd3pDRlZNWjNnWmV2b0RuVlAtemdhNVJja0RKUmEtYUJHTm1lLWFUQdIB3AFBVV95cUxQaWEwX0licFFXSmpFRjJJYmpTSjVGd0VUcU13ZTdxVlBUUmVITDFQRklKSUZfSzNHX0dFSFRTeFhXWTEzLTNqa3M3RzROVjRrREZDSldScGpCVzhzMk1ZLWlLanJtNDBVU1AzdTJqTDlCNU5MSXRRQzE3YkE3dlIxUHZBVlJXUnY2SGZzVGJaTnhHOXBLc2J5UWF3MDZqVzA5cG1Hd0xqc1ducnZmTFR3Q0dUcVQ3VVAtZk55Zm93Tzh4eGpzbVNEM1lsUlZzODZ6aTVaWDFVYms5a1ZS?oc=5"" target=""_blank"">Flash flood near Jispa brings traffic to a standstill; police suspend movement towards affected stretch</a>&nbsp;&nbsp;<font color=""#6f6f6f"">lokmattimes.com</font>",Monsoon,en
Southwest monsoon BIG update: Good news for Himachal residents as rain winds hits state; check IMD weather prediction - MSN,https://news.google.com/rss/articles/CBMijANBVV95cUxOV1prVzEzanIzektVMTJodTB5SDNjQzJsYmxxRlN3WmlmTktHSzJGSEFwM2VhbmRDWFdXSXRKTEFKMzBybE4wcDR2SHYydGZscTBCNUotZndqT09YRDVFcExjZVJ2ZW1TbHZUWHBzMWVmaG13NEt3bHl5dzBTa2tXamhQNFR4WGIxdXBQVG9odTlRdFRxQXliLVNhb0hvMFRMQ3NadlR1NnQ0SEZ3MUhJRWwzbHZGcnNSUHN2bzkya19sUDRXYTBvSVktWmhITDRwcm1nZGhmMEtuWXUwV2R0ZmhIR3pDcmZ2eHdsVXVZcGpJRTZVVXl6a3JIcmRET0RoOHY0Uk5vWnJXQllYelphRVoycXBNN1owWlNlb0FBMjVLUGxiMWM5eE5DZFNDX0xkdUhpVnh5YUlUcUJrVVBMRC0zcXQ4aGh2YmFGUlkyZXAzSmswRWRkNGtWcmNSWjVWbGJoLXltZmotRnhxYjdJSzJjbEpZSFpnVTIxTkpoYXhsYTBqSDkyblR5c0E?oc=5,2026-07-01 04:35:27,MSN,"<a href=""https://news.google.com/rss/articles/CBMijANBVV95cUxOV1prVzEzanIzektVMTJodTB5SDNjQzJsYmxxRlN3WmlmTktHSzJGSEFwM2VhbmRDWFdXSXRKTEFKMzBybE4wcDR2SHYydGZscTBCNUotZndqT09YRDVFcExjZVJ2ZW1TbHZUWHBzMWVmaG13NEt3bHl5dzBTa2tXamhQNFR4WGIxdXBQVG9odTlRdFRxQXliLVNhb0hvMFRMQ3NadlR1NnQ0SEZ3MUhJRWwzbHZGcnNSUHN2bzkya19sUDRXYTBvSVktWmhITDRwcm1nZGhmMEtuWXUwV2R0ZmhIR3pDcmZ2eHdsVXVZcGpJRTZVVXl6a3JIcmRET0RoOHY0Uk5vWnJXQllYelphRVoycXBNN1owWlNlb0FBMjVLUGxiMWM5eE5DZFNDX0xkdUhpVnh5YUlUcUJrVVBMRC0zcXQ4aGh2YmFGUlkyZXAzSmswRWRkNGtWcmNSWjVWbGJoLXltZmotRnhxYjdJSzJjbEpZSFpnVTIxTkpoYXhsYTBqSDkyblR5c0E?oc=5"" target=""_blank"">Southwest monsoon BIG update: Good news for Himachal residents as rain winds hits state; check IMD weather prediction</a>&nbsp;&nbsp;<font color=""#6f6f6f"">MSN</font>",Monsoon,en
